   AgeBP,   YearCE, JanDays     , FebDays     , MarDays     , AprDays     , MayDays     , JunDays     , JulDays     , AugDays     , SepDays     , OctDays     , NovDays     , DecDays     , JanMid      , FebMid      , MarMid      , AprMid      , MayMid      , JunMid      , JulMid      , AugMid      , SepMid      , OctMid      , NovMid      , DecMid      , JanBeg      , FebBeg      , MarBeg      , AprBeg      , MayBeg      , JunBeg      , JulBeg      , AugBeg      , SepBeg      , OctBeg      , NovBeg      , DecBeg      , JanEnd      , FebEnd      , MarEnd      , AprEnd      , MayEnd      , JunEnd      , JulEnd      , AugEnd      , SepEnd      , OctEnd      , NovEnd      , DecEnd      , VE_day , SS_day ,  ndays
 -150000,  -148050,  32.56696574,  31.86548436,  30.66405630,  29.32461887,  28.20473493,  27.56596166,  27.54224952,  28.13857340,  29.23086263,  30.56620770,  31.79113088,  32.53915401,  11.29775148,  43.57371444,  74.90052879, 104.93101835, 133.67107445, 161.46400645, 188.89395566, 216.63664549, 245.29014734, 275.22133552, 306.46261315, 338.68935063,  -5.00968553,  27.52047961,  59.38526213,  90.08599505, 119.44800109, 147.65349971, 175.18229624, 202.68504474, 230.81966109, 260.08544120, 290.69053585, 322.48561056,  27.52047961,  59.38526213,  90.08599505, 119.44800109, 147.65349971, 175.18229624, 202.68504474, 230.81966109, 260.08544120, 290.69053585, 322.48561056, 354.99031447,  80.000, 170.500,  360
 -149000,  -147050,  32.65516002,  32.16422931,  31.07541875,  29.72797675,  28.49883159,  27.68817375,  27.46979597,  27.88566224,  28.84956563,  30.14714691,  31.45122807,  32.38681101,  10.66815599,  43.14060703,  74.83103808, 105.28319651, 134.38816685, 162.40061076, 189.85660194, 217.42715417, 245.74820682, 275.26456086, 306.11660751, 338.09264784,  -5.65262171,  26.96279768,  59.11927163,  90.22758264, 119.99613343, 148.50254442, 176.15741056, 203.58501206, 231.45999368, 260.34012917, 290.52858957, 321.99071121,  26.96279768,  59.11927163,  90.22758264, 119.99613343, 148.50254442, 176.15741056, 203.58501206, 231.45999368, 260.34012917, 290.52858957, 321.99071121, 354.34737829,  80.000, 170.500,  360
 -148000,  -146050,  32.62396989,  32.37451820,  31.45532111,  30.15954018,  28.86594224,  27.90686330,  27.49620142,  27.71423857,  28.51324612,  29.72034861,  31.04531923,  32.12449114,  10.21331408,  42.77484570,  74.76622378, 105.63757193, 135.15962885, 163.47988493, 191.06388244, 218.55604154, 246.60970944, 275.72973138, 306.15402339, 337.78870651,  -6.06061643,  26.52239593,  58.88219925,  90.36500308, 120.56669343, 149.44698311, 177.32586951, 204.77882679, 232.47603438, 261.01424699, 290.77660184, 321.83932608,  26.52239593,  58.88219925,  90.36500308, 120.56669343, 149.44698311, 177.32586951, 204.77882679, 232.47603438, 261.01424699, 290.77660184, 321.83932608, 353.93938357,  80.000, 170.500,  360
 -147000,  -145050,  32.46820224,  32.47253658,  31.77156267,  30.59055193,  29.28781166,  28.21590627,  27.62648450,  27.63923138,  28.24544548,  29.31475560,  30.60049343,  31.76701827,   9.98266654,  42.51098269,  74.71152219, 105.96779790, 135.93465439, 164.63846132, 192.45201485, 219.96996230, 247.84118821, 276.61038930, 306.59728995, 337.82174262,  -6.18433697,  26.24362968,  58.69514070,  90.48740004, 121.11977088, 150.42815883, 178.62265220, 206.20665510, 233.82329783, 262.08717692, 291.44281151, 322.06631555,  26.24362968,  58.69514070,  90.48740004, 121.11977088, 150.42815883, 178.62265220, 206.20665510, 233.82329783, 262.08717692, 291.44281151, 322.06631555, 353.81566303,  80.000, 170.500,  360
 -146000,  -144050,  32.19370024,  32.44239588,  31.99328887,  30.98780666,  29.73916602,  28.60225322,  27.85983511,  27.67086674,  28.06636849,  28.95859305,  30.14764125,  31.33808447,  10.01053989,  42.37850115,  74.67221846, 106.24566864, 136.65446550, 165.79770746, 193.93541537, 221.58844352, 249.37796097, 277.86670877, 307.43689982, 338.21047046,  -5.99504501,  26.16114512,  58.57742085,  90.58366371, 121.61087584, 151.37578065, 179.96405662, 207.78405046, 235.42795380, 263.50568135, 292.50223790, 322.67717871,  26.16114512,  58.57742085,  90.58366371, 121.61087584, 151.37578065, 179.96405662, 207.78405046, 235.42795380, 263.50568135, 292.50223790, 322.67717871, 354.00495499,  80.000, 170.500,  360
 -145000,  -143050,  31.81744754,  32.27906783,  32.09497122,  31.31638925,  30.18846233,  29.04538453,  28.18868235,  27.81371182,  27.99166610,  28.67741290,  29.71877049,  30.86803366,  10.31019371,  42.39741868,  74.65277308, 106.44404389, 137.25701832, 166.86843498, 195.41057331, 223.30679118, 251.12598478, 279.42579548, 308.62933197, 338.94339095,  -5.49022208,  26.29433609,  58.54391669,  90.64371687, 121.99501581, 152.21279968, 181.25203790, 209.40534257, 237.18923822, 265.18507406, 293.89588863, 323.64460591,  26.29433609,  58.54391669,  90.64371687, 121.99501581, 152.21279968, 181.25203790, 209.40534257, 237.18923822, 265.18507406, 293.89588863, 323.64460591, 354.50977792,  80.000, 170.500,  360
 -144000,  -142050,  31.36603586,  31.98991247,  32.06031913,  31.54347617,  30.59979958,  29.51740269,  28.59794374,  28.06579140,  28.03145145,  28.49252820,  29.34445026,  30.39088906,  10.87037770,  42.57471302,  74.65614232, 106.54034497, 137.68351870, 167.75836380, 196.76306290, 225.00221894, 252.96706776, 281.18567969, 310.09899519, 339.97784416,  -4.69593993,  26.64344172,  58.60261261,  90.65993247, 122.23195153, 152.86263909, 182.38155302, 210.95021919, 238.98513173, 267.01389469, 295.53385561, 324.90903740,  26.64344172,  58.60261261,  90.65993247, 122.23195153, 152.86263909, 182.38155302, 210.95021919, 238.98513173, 267.01389469, 295.53385561, 324.90903740, 355.30406007,  80.000, 170.500,  360
 -143000,  -141050,  30.87283522,  31.59436530,  31.88524134,  31.64268419,  30.93608110,  29.98408273,  29.06466201,  28.41779508,  28.18947594,  28.41985708,  29.05170438,  29.94121564,  11.65530892,  42.90246601,  74.68324558, 106.51998591, 137.88590658, 168.38176121, 197.87740436, 226.54301917, 254.76721133, 283.02272406, 311.74406798, 341.24318839,  -3.66530928,  27.18829137,  58.75297496,  90.62839193, 122.29181098, 153.25803810, 183.25049515, 212.29329192, 240.68111405, 268.86182212, 297.30205890, 326.38330930,  27.18829137,  58.75297496,  90.62839193, 122.29181098, 153.25803810, 183.25049515, 212.29329192, 240.68111405, 268.86182212, 297.30205890, 326.38330930, 356.33469072,  80.000, 170.500,  360
 -142000,  -140050,  30.37450563,  31.12183349,  31.57909941,  31.59813301,  31.16319831,  30.40713565,  29.55832092,  28.85247509,  28.46239443,  28.46908509,  28.86248128,  29.55133768,  12.60815029,  43.35824006,  74.73271712, 106.37896416, 137.83395121, 168.66995729, 198.64879987, 227.80000789, 256.38731462, 284.80157216, 313.44534976, 342.64754128,  -2.47326836,  27.89006923,  58.98558189,  90.54967684, 122.15991187, 153.35011671, 183.77107834, 213.31580129, 242.14124801, 270.59000806, 299.07173110, 327.96061072,  27.89006923,  58.98558189,  90.54967684, 122.15991187, 153.35011671, 183.77107834, 213.31580129, 242.14124801, 270.59000806, 299.07173110, 327.96061072, 357.52673164,  80.000, 170.500,  360
 -141000,  -139050,  29.90755233,  30.60831896,  31.16390767,  31.40728241,  31.25462227,  30.74773019,  30.04216383,  29.34444202,  28.83910785,  28.64300692,  28.79264607,  29.24921948,  13.65720329,  43.90761155,  74.80101159, 106.12494833, 137.52040754, 168.58090782, 198.99516428, 228.65896216, 257.69505167, 286.38635150, 315.07670935, 344.08676636,  -1.20881692,  28.69568714,  59.28312066,  90.42898120, 121.83964196, 153.11588136, 183.88093265, 213.91804832, 243.24038726, 272.06260943, 300.71028211, 329.52434029,  28.69568714,  59.28312066,  90.42898120, 121.83964196, 153.11588136, 183.88093265, 213.91804832, 243.24038726, 272.06260943, 300.71028211, 329.52434029, 358.79118308,  80.000, 170.500,  360
 -140000,  -138050,  29.50546395,  30.09254844,  30.67168712,  31.08181840,  31.19548991,  30.97097274,  30.47575855,  29.86066219,  29.30027595,  28.93693162,  28.85132453,  29.05706660,  14.72345062,  44.50822505,  74.88283607, 105.77656744, 136.96298483, 168.10588562, 198.86755574, 229.03248726, 258.57656911, 287.65175178, 316.51558121, 345.45406047,   0.03373655,  29.54372787,  59.62249271,  90.27551111, 121.35265211, 152.56250201, 183.55193008, 214.03081871, 243.87607933, 273.15818073, 302.09208684, 330.95823717,  29.54372787,  59.62249271,  90.27551111, 121.35265211, 152.56250201, 183.55193008, 214.03081871, 243.87607933, 273.15818073, 302.09208684, 330.95823717, 360.03373655,  80.000, 170.500,  360
 -139000,  -137050,  29.19668746,  29.61237021,  30.14064732,  30.64635713,  30.98522526,  31.05065255,  30.81881914,  30.36199277,  29.81822031,  29.33812103,  29.04040050,  28.99050632,  15.72798414,  45.11442355,  74.97179583, 105.36109364, 136.20263204, 167.27185014, 198.25721889, 228.86977298, 258.94677860, 288.49284214, 317.65223733, 346.64866438,   1.16299402,  30.37068533,  59.97750249,  90.10133309, 120.73631295, 151.72734934, 182.79502456, 213.62409519, 243.97879948, 273.77977820, 303.10801334, 332.15540566,  30.37068533,  59.97750249,  90.10133309, 120.73631295, 151.72734934, 182.79502456, 213.62409519, 243.97879948, 273.77977820, 303.10801334, 332.15540566, 361.16299402,  80.000, 170.500,  360
 -138000,  -136050,  29.00341028,  29.20192965,  29.61107098,  30.13532327,  30.63802692,  30.97328346,  31.03592698,  30.80599785,  30.35754495,  29.82536047,  29.35401991,  29.05810529,  16.59819918,  45.68154285,  75.06110123, 104.91111832, 135.29858736, 166.13897529, 197.19798404, 228.16298508, 258.75734117, 288.83295144, 318.39712062, 347.58276058,   2.09710076,  31.11641569,  60.32154341,  89.91995896, 120.03910152, 150.67379787, 181.66013076, 212.71172204, 243.51942986, 273.86301838, 303.67302726, 333.02542063,  31.11641569,  60.32154341,  89.91995896, 120.03910152, 150.67379787, 181.66013076, 212.71172204, 243.51942986, 273.86301838, 303.67302726, 333.02542063, 362.09710076,  80.000, 170.500,  360
 -137000,  -135050,  28.94092748,  28.88980034,  29.12167029,  29.58879819,  30.18110681,  30.74047983,  31.10139304,  31.15103304,  30.87683504,  30.36890595,  29.77806735,  29.26098264,  17.27222381,  46.16926018,  75.14419853, 104.46099018, 134.32140457, 164.79391518, 195.76359773, 226.94948640, 258.00179451, 288.62940565, 318.68613498, 348.18629659,   2.76839465,  31.72817944,  60.62982642,  89.74497184, 119.31503133, 149.48381049, 180.23108721, 211.35130272, 242.51326062, 273.38173238, 303.73175389, 333.49935730,  31.72817944,  60.62982642,  89.74497184, 119.31503133, 149.48381049, 180.23108721, 211.35130272, 242.51326062, 273.38173238, 303.73175389, 333.49935730, 362.76839465,  80.000, 170.500,  360
 -136000,  -134050,  29.01729726,  28.69795615,  28.70687200,  29.04826424,  29.65116437,  30.36905846,  31.00324587,  31.36119319,  31.33168823,  30.93117055,  30.28973226,  29.59235742,  17.70163534,  46.54379076,  75.21524122, 104.04368404, 133.34548250, 163.34028498, 194.06048892, 225.30960071, 256.71752770, 287.87720758, 318.48423272, 348.41004036,   3.12626955,  32.16317725,  60.88093206,  89.58891655, 118.61827816, 148.24895915, 178.61675027, 209.63935045, 241.02013396, 272.35110149, 303.26224444, 333.53310351,  32.16317725,  60.88093206,  89.58891655, 118.61827816, 148.24895915, 178.61675027, 209.63935045, 241.02013396, 272.35110149, 303.26224444, 333.53310351, 363.12626955,  80.000, 170.500,  360
 -135000,  -133050,  29.23301838,  28.64129736,  28.39512619,  28.55299340,  29.08998026,  29.88885512,  30.74537969,  31.41130404,  31.67905265,  31.46854496,  30.85744282,  30.03700513,  17.85292004,  46.77907383,  75.26938214, 103.68849125, 132.44243299, 161.88824744, 192.21727425, 223.36017260, 254.98443992, 286.61077079, 317.78779179, 348.22748518,   3.13881983,  32.38988322,  61.05770052,  89.46255061, 117.99883824, 147.06161694, 176.93994950, 207.70244416, 239.14066519, 270.82819701, 302.27826785, 333.10954916,  32.38988322,  61.05770052,  89.46255061, 117.99883824, 147.06161694, 176.93994950, 207.70244416, 239.14066519, 270.82819701, 302.27826785, 333.10954916, 363.13881983,  80.000, 170.500,  360
 -134000,  -132050,  29.58056781,  28.72739850,  28.20805186,  28.13747156,  28.54008020,  29.33884527,  30.34730461,  31.29089040,  31.88242246,  31.93462787,  31.44157312,  30.57076636,  17.70829210,  46.85729454,  75.30291738, 103.41960552, 131.67608851, 160.54493945, 190.37277191, 221.24470676, 252.92022046, 284.90363068, 316.62612457, 347.63623793,   2.79392921,  32.38867965,  61.14763349,  89.37443309, 117.49957493, 146.00763382, 175.32621816, 205.68573410, 237.00880978, 268.90975836, 300.83024931, 332.24017590,  32.38867965,  61.14763349,  89.37443309, 117.49957493, 146.00763382, 175.32621816, 205.68573410, 237.00880978, 268.90975836, 300.83024931, 332.24017590, 362.79392921,  80.000, 170.500,  360
 -133000,  -131050,  30.04378990,  28.95620168,  28.16008471,  27.82987926,  28.04118407,  28.76252172,  29.84157434,  31.00613911,  31.91700511,  32.28483300,  31.99636187,  31.16042524,  17.26642599,  46.76914179,  75.31333961, 103.25543464, 131.09932809, 159.40688306, 188.66431210, 219.12131851, 250.67237716, 282.86580662, 315.06209095, 346.65928932,   2.10032237,  32.15230434,  61.14304652,  89.33075270, 117.15456297, 145.16111806, 173.89388591, 203.74045447, 234.78143516, 266.72699157, 299.00462097, 330.96625280,  32.15230434,  61.14304652,  89.33075270, 117.15456297, 145.16111806, 173.89388591, 203.74045447, 234.78143516, 266.72699157, 299.00462097, 330.96625280, 362.10032237,  80.000, 170.500,  360
 -132000,  -130050,  30.59731081,  29.31950137,  28.25827441,  27.65138285,  27.62776832,  28.20349396,  29.26957308,  30.57933184,  31.77372660,  32.48187783,  32.47334671,  31.76441224,  16.54343290,  46.51413671,  75.29936260, 103.20834323, 130.75240280, 158.55476151, 187.21771934, 217.14997342, 248.40747685, 280.63836731, 313.19134891, 345.34616127,   1.08877967,  31.68648424,  61.04119720,  89.33526851, 116.98834913, 144.58126240, 172.74644685, 202.01203947, 232.62594777, 264.43730103, 296.92102284, 329.35938776,  31.68648424,  61.04119720,  89.33526851, 116.98834913, 144.58126240, 172.74644685, 202.01203947, 232.62594777, 264.43730103, 296.92102284, 329.35938776, 361.08877967,  80.000, 170.500,  360
 -131000,  -129050,  31.20633931,  29.80023307,  28.50195360,  27.61586760,  27.32769757,  27.70199208,  28.67667695,  30.04589799,  31.46105708,  32.50118978,  32.82627548,  32.33481949,  15.57408113,  46.10122352,  75.26096669, 103.28451746, 130.66217221, 158.05026672, 186.13965651, 215.48042751, 246.29846957, 278.38489593, 311.13943994, 343.77345485,  -0.18670278,  31.01089591,  60.84454667,  89.38924834, 117.01564107, 144.31067427, 171.96734979, 200.63001385, 230.70727860, 262.21322283, 294.72667269, 327.52073079,  31.01089591,  60.84454667,  89.38924834, 117.01564107, 144.31067427, 171.96734979, 200.63001385, 230.70727860, 262.21322283, 294.72667269, 327.52073079, 359.81329722,  80.000, 170.500,  360
 -130000,  -128050,  31.82736375,  30.37177355,  28.88213698,  27.72974706,  27.16163103,  27.29254668,  28.10777169,  29.44985753,  31.00414898,  32.33500929,  33.01694770,  32.82106577,  14.41287378,  45.54961982,  75.19949255, 103.48370736, 130.84162033, 157.93430710, 185.51229683, 214.24188946, 244.51127978, 276.27997874, 309.05583952, 342.04390027,  -1.64846795,  30.16029815,  60.56121076,  89.49132639, 117.24098143, 144.37446470, 171.61673696, 199.70017845, 229.17550891, 260.22930582, 292.58743262, 325.57782927,  30.16029815,  60.56121076,  89.49132639, 117.24098143, 144.37446470, 171.61673696, 199.70017845, 229.17550891, 260.22930582, 292.58743262, 325.57782927, 358.35153205,  80.000, 170.500,  360
 -129000,  -127050,  32.41028931,  30.99766354,  29.38068775,  27.99157411,  27.14280725,  27.00274349,  27.60378373,  28.83873732,  30.44150665,  31.99411547,  33.02092535,  33.17516604,  13.13421375,  44.88969211,  75.11778138, 103.79871815, 131.28915159, 158.22575350, 185.38975210, 213.53483956, 243.19190133, 274.49542076, 307.10440924, 340.28278538,  -3.19648714,  29.18535548,  60.20553076,  89.63725476, 117.65811120, 144.77939967, 171.72933065, 199.29895918, 228.15509215, 258.64808847, 290.67563179, 323.67815191,  29.18535548,  60.20553076,  89.63725476, 117.65811120, 144.77939967, 171.72933065, 199.29895918, 228.15509215, 258.64808847, 290.67563179, 323.67815191, 356.80351286,  80.000, 170.500,  360
 -128000,  -126050,  32.90238843,  31.63232560,  29.96949963,  28.39132812,  27.27683216,  26.85271409,  27.19944664,  28.25896877,  29.82005093,  31.50667087,  32.83178203,  33.35799271,  11.83061047,  44.16337849,  75.02032457, 104.21467360, 131.98742182, 158.92006458, 185.79546988, 213.42488127, 242.45499528, 273.18541157, 305.45035180, 338.63076436,  -4.71253525,  28.15236884,  59.79854934,  89.81958970, 118.24894510, 145.51266045, 172.31267126, 199.46935344, 227.73612782, 257.60647271, 289.15541561, 321.97872866,  28.15236884,  59.79854934,  89.81958970, 118.24894510, 145.51266045, 172.31267126, 199.46935344, 227.73612782, 257.60647271, 289.15541561, 321.97872866, 355.28746475,  80.000, 170.500,  360
 -127000,  -125050,  33.25400360,  32.22338410,  30.61016518,  28.90944669,  27.56120186,  26.85494033,  26.92214752,  27.75240722,  29.18974256,  30.91447460,  32.46273920,  33.34534713,  10.60786629,  43.42347719,  74.91334728, 104.70825730, 132.90180079, 159.98750715, 186.71995275, 213.93818924, 242.37459385, 272.47213815, 304.24463750, 337.23262935,  -6.06814479,  27.14095774,  59.36803406,  90.02742963, 118.98235348, 146.54014154, 173.34520873, 200.21782426, 227.96769551, 257.20366627, 288.16705146, 320.63217897,  27.14095774,  59.36803406,  90.02742963, 118.98235348, 146.54014154, 173.34520873, 200.21782426, 227.96769551, 257.20366627, 288.16705146, 320.63217897, 353.93185521,  80.000, 170.500,  360
 -126000,  -124050,  33.42529939,  32.71599237,  31.25477756,  29.51590274,  27.98445615,  27.01398945,  26.79147132,  27.35414960,  28.59881147,  30.26759389,  31.94518429,  33.13237177,   9.57658765,  42.73106172,  74.80471733, 105.24733483, 133.97896724, 161.37120931, 188.11859754, 215.05817709, 242.97718791, 272.43332926, 303.60768483, 336.22263026,  -7.13648300,  26.23884993,  58.94759638,  90.24639862, 119.81325474, 147.80469217, 174.77426786, 201.51177963, 228.85307892, 257.49158228, 287.81202753, 319.77043988,  26.23884993,  58.94759638,  90.24639862, 119.81325474, 147.80469217, 174.77426786, 201.51177963, 228.85307892, 257.49158228, 287.81202753, 319.77043988, 352.86351700,  80.000, 170.500,  360
 -125000,  -123050,  33.39272551,  33.05906831,  31.84853991,  30.16987352,  28.52507481,  27.32592109,  26.81899450,  27.09144181,  28.09022329,  29.61863671,  31.32444209,  32.73505845,   8.84026708,  42.15050278,  74.70355882, 105.79152608, 135.14654892, 162.98587410, 189.91009275, 216.72341926, 244.23740575, 273.09302126, 303.61459401, 335.70812395,  -7.80713071,  25.53347263,  58.57448646,  90.45911935, 120.68281635, 149.22521991, 176.51454679, 203.27784425, 230.34688782, 258.46835611, 288.14086066, 319.48845514,  25.53347263,  58.57448646,  90.45911935, 120.68281635, 149.22521991, 176.51454679, 203.27784425, 230.34688782, 258.46835611, 288.14086066, 319.48845514, 352.19286929,  80.000, 170.500,  360
 -124000,  -122050,  33.15355203,  33.21260236,  32.33460388,  30.82073593,  29.15048808,  27.77729469,  27.00793904,  26.98324902,  27.69951691,  29.01776523,  30.65389990,  32.18835292,   8.48143121,  41.74216445,  74.61948452, 106.29433750, 136.31501827, 164.71851184, 191.97647878, 218.82746703, 246.07669881, 274.41661063, 304.28430975, 335.75432990,  -8.00147264,  25.10101370,  58.28588607,  90.64639928, 121.52072394, 150.69799793, 178.44842150, 205.40180284, 232.35453297, 260.07558750, 289.14532959, 319.83062004,  25.10101370,  58.28588607,  90.64639928, 121.52072394, 150.69799793, 178.44842150, 205.40180284, 232.35453297, 260.07558750, 289.14532959, 319.83062004, 351.99852736,  80.000, 170.500,  360
 -123000,  -121050,  32.72713392,  33.15449344,  32.66095669,  31.41112510,  29.81684326,  28.34395013,  27.35244557,  27.04001396,  27.45374950,  28.50907896,  29.98887096,  31.54133851,   8.54852406,  41.55372773,  74.56145674, 106.70726009, 137.38303409, 166.43280684, 194.16643747, 221.22172903, 248.36575924, 276.31104948, 305.57470652, 336.37334484,  -7.68553850,  24.99479010,  58.11399426,  90.78921745, 122.25033261, 152.10164179, 180.42970123, 207.73161493, 234.73497634, 262.19997986, 290.75645213, 320.78267393,  24.99479010,  58.11399426,  90.78921745, 122.25033261, 152.10164179, 180.42970123, 207.73161493, 234.73497634, 262.19997986, 290.75645213, 320.78267393, 352.31446150,  80.000, 170.500,  360
 -122000,  -120050,  32.15244236,  32.88507750,  32.78832118,  31.88245773,  30.47035753,  28.99002666,  27.83644127,  27.26321301,  27.37107565,  28.12845698,  29.38136213,  30.85076800,   9.04671590,  41.61197186,  74.53643498, 106.98571235, 138.24686092, 167.97845713, 196.30336513, 223.72273631, 250.93149935, 278.63073625, 307.38479130, 337.52005368,  -6.87714722,  25.23562304,  58.08078920,  90.87133561, 122.79690244, 153.30679182, 182.29234503, 210.08498541, 237.30784399, 264.67999629, 292.84893409, 322.27093546,  25.23562304,  58.08078920,  90.87133561, 122.79690244, 153.30679182, 182.29234503, 210.08498541, 237.30784399, 264.67999629, 292.84893409, 322.27093546, 353.12285278,  80.000, 170.500,  360
 -121000,  -119050,  31.48251369,  32.42792942,  32.69726033,  32.18258369,  31.05103421,  29.66797522,  28.43235863,  27.64449739,  27.46046120,  27.90253694,  28.87637202,  30.17447726,   9.93525544,  41.91723641,  74.54811436, 107.09593557, 138.81331843, 169.20582229, 198.19909195, 226.12465691, 253.56906221, 281.18907906, 309.56408260, 339.09619487,  -5.64530490,  25.80692500,  58.19378476,  90.88203625, 123.09804939, 154.19040276, 183.86480609, 212.26241488, 239.86560598, 267.31773495, 295.25198374, 324.16941121,  25.80692500,  58.19378476,  90.88203625, 123.09804939, 154.19040276, 183.86480609, 212.26241488, 239.86560598, 267.31773495, 295.25198374, 324.16941121, 354.35469510,  80.000, 170.500,  360
 -120000,  -118050,  30.77730711,  31.82658456,  32.39244782,  32.27424371,  31.49905615,  30.32048352,  29.10028546,  28.16446111,  27.72114659,  27.84830816,  28.50975678,  29.56591904,  11.13234427,  42.44232391,  74.59611814, 107.02123225, 139.01416392, 169.98455789, 199.67275117, 228.21686762, 256.05846923, 283.77482489, 311.92791702, 340.96195714,  -4.10172381,  26.65611402,  58.44407963,  90.81826571, 123.11433391, 154.65285459, 184.98914480, 214.06545657, 242.19058453, 269.89539246, 297.76534473, 326.31368031,  26.65611402,  58.44407963,  90.81826571, 123.11433391, 154.65285459, 184.98914480, 214.06545657, 242.19058453, 269.89539246, 297.76534473, 326.31368031, 355.89827619,  80.000, 170.500,  360
 -119000,  -117050,  30.09667711,  31.13808883,  31.90267892,  32.14221183,  31.76326046,  30.88507944,  29.78842056,  28.79139601,  28.14169027,  27.97279690,  28.30727265,  29.07042702,  12.52639603,  43.13632701,  74.67591719, 106.76570983, 138.81853336, 170.22307737, 200.57260134, 229.80503318, 258.18442671, 286.17129021, 314.27627628, 342.95271322,  -2.38638312,  27.70212338,  58.80739912,  90.68550011, 122.83716796, 154.63443452, 185.54222498, 215.31837752, 244.07534409, 272.19468935, 300.17839780, 328.51902601,  27.70212338,  58.80739912,  90.68550011, 122.83716796, 154.63443452, 185.54222498, 215.31837752, 244.07534409, 272.19468935, 300.17839780, 328.51902601, 357.61361688,  80.000, 170.500,  360
 -118000,  -116050,  29.49475685,  30.42514879,  31.27650057,  31.79692387,  31.80999550,  31.30153707,  30.43581063,  29.48074269,  28.69871744,  28.27247357,  28.28421908,  28.72317395,  13.99084186,  43.93231725,  74.77952426, 106.35424179, 138.23985033, 169.88444856, 200.79714208, 230.73297029, 259.75698030, 288.17602761, 316.41313708, 344.89747047,  -0.65043803,  28.84697630,  59.24787235,  90.49700775, 122.29153101, 154.12694467, 185.45485867, 215.89007573, 245.34402394, 274.01693125, 302.28962796, 330.59954029,  28.84697630,  59.24787235,  90.49700775, 122.29153101, 154.12694467, 185.45485867, 215.89007573, 245.34402394, 274.01693125, 302.28962796, 330.59954029, 359.34956197,  80.000, 170.500,  360
 -117000,  -115050,  29.01631022,  29.74876017,  30.57473825,  31.27329699,  31.62992103,  31.52111250,  30.97803551,  30.17621314,  29.35585310,  28.73226909,  28.44514188,  28.54834813,  15.39905648,  44.75675426,  74.89675549, 105.82855069, 137.33488063, 168.99445462, 200.31122943, 230.90199662, 260.63048636, 289.61855686, 318.16360614, 346.63570156,   0.96001117,  29.98845609,  59.72343347,  90.27171208, 121.53245030, 153.17693018, 184.72439493, 215.71242524, 245.87176831, 275.20133027, 303.92395644, 332.38516067,  29.98845609,  59.72343347,  90.27171208, 121.53245030, 153.17693018, 184.72439493, 215.71242524, 245.87176831, 275.20133027, 303.92395644, 332.38516067, 360.96001117,  80.000, 170.500,  360
 -116000,  -114050,  28.69490566,  29.16261907,  29.86200979,  30.62501797,  31.24051331,  31.51547734,  31.35565165,  30.81354990,  30.06366854,  29.32442230,  28.78325102,  28.55891345,  16.63662591,  45.53832101,  75.01669425, 105.24059191, 136.19499803, 167.63928591, 199.15343813, 230.28460322, 260.71875626, 290.37454286, 319.38713197, 348.03029954,   2.31671757,  31.03114351,  60.19139241,  90.03129869, 120.63622394, 151.87927583, 183.41733579, 214.79144387, 245.59962944, 275.63978638, 304.94634539, 333.73469618,  31.03114351,  60.19139241,  90.03129869, 120.63622394, 151.87927583, 183.41733579, 214.79144387, 245.59962944, 275.63978638, 304.94634539, 333.73469618, 362.31671757,  80.000, 170.500,  360
 -115000,  -113050,  28.55232993,  28.70975462,  29.19922730,  29.91604448,  30.68331384,  31.28267150,  31.52394969,  31.32737540,  30.76167063,  30.00775420,  29.27950865,  28.75639975,  17.60959048,  46.21458586,  75.12899789, 104.64513429, 134.93215445, 165.95317211, 197.43260508, 228.93000378, 260.00486990, 290.37578976, 319.98642005, 348.97595199,   3.31762718,  31.89421303,  60.61297694,  89.79734795, 119.68895597, 150.36281568, 181.66091876, 213.20876843, 244.54290448, 275.28712574, 305.27125444, 334.54436704,  31.89421303,  60.61297694,  89.79734795, 119.68895597, 150.36281568, 181.66091876, 213.20876843, 244.54290448, 275.28712574, 305.27125444, 334.54436704, 363.31762718,  80.000, 170.500,  360
 -114000,  -112050,  28.59854723,  28.42107767,  28.63830323,  29.21170460,  30.01676483,  30.84800478,  31.46148582,  31.66051372,  31.38319091,  30.72828492,  29.90170797,  29.13041432,  18.24876997,  46.73595290,  75.22482379, 104.09331654, 133.66337104, 164.09908998, 195.31392328, 226.96023369, 258.54466357, 289.61609147, 319.91272539, 349.40359257,   3.89119408,  32.51573161,  60.95626639,  89.58909257, 118.77539929, 148.77184437, 179.62547632, 211.11268232, 242.79155467, 274.16632347, 304.86838633, 334.75260279,  32.51573161,  60.95626639,  89.58909257, 118.77539929, 148.77184437, 179.62547632, 211.11268232, 242.79155467, 274.16632347, 304.86838633, 334.75260279, 363.89119408,  80.000, 170.500,  360
 -113000,  -111050,  28.83164897,  28.31514120,  28.21929421,  28.57140212,  29.30687170,  30.25950528,  31.17465069,  31.77384641,  31.86330073,  31.42219988,  30.60423365,  29.65790518,  18.51126337,  47.06727575,  75.29732693, 103.62821836, 132.49729751, 162.24730490, 192.99743573, 224.55692679, 256.46319246, 288.15302743, 319.16854418, 349.28230697,   3.99797933,  32.85422016,  61.19756812,  89.42205002, 117.97034530, 147.24804866, 177.50170399, 208.70005668, 240.50213665, 272.36830268, 303.76532686, 334.34238193,  32.85422016,  61.19756812,  89.42205002, 117.97034530, 147.24804866, 177.50170399, 208.70005668, 240.50213665, 272.36830268, 303.76532686, 334.34238193, 363.99797933,  80.000, 170.500,  360
 -112000,  -110050,  29.23753434,  28.39836748,  27.96947610,  28.04392489,  28.61825686,  29.57942089,  30.69663086,  31.65389053,  32.14865194,  32.02181157,  31.32944998,  30.30258457,  18.38052108,  47.18799247,  75.34181500, 103.28259688, 131.52492417, 160.55633033, 190.69346202, 221.94059251, 253.94384456, 286.10535232, 317.80832240, 348.62002460,   3.63098160,  32.88867019,  61.32168918,  89.30745361, 117.33344690, 145.91632614, 175.47784101, 206.19253376, 237.88174359, 270.04574447, 302.04718688, 333.34216101,  32.88867019,  61.32168918,  89.30745361, 117.33344690, 145.91632614, 175.47784101, 206.19253376, 237.88174359, 270.04574447, 302.04718688, 333.34216101, 363.63098160,  80.000, 170.500,  360
 -111000,  -109050,  29.78942756,  28.66520603,  27.90352621,  27.66530458,  28.00744813,  28.87442238,  30.08108783,  31.31556265,  32.20689633,  32.46424468,  32.01161400,  31.01525962,  17.86611219,  47.09168190,  75.35570547, 103.07829676, 130.81476395, 159.15922470, 188.59973175, 219.34578250, 251.21061271, 283.64519547, 315.93693440, 347.46367918,   2.81568413,  32.61810787,  61.32166987,  89.25221922, 116.90712812, 144.87597869, 173.72093303, 203.81143327, 235.16585594, 267.40048152, 299.85258934, 331.82563998,  32.61810787,  61.32166987,  89.25221922, 116.90712812, 144.87597869, 173.72093303, 203.81143327, 235.16585594, 267.40048152, 299.85258934, 331.82563998, 362.81568413,  80.000, 170.500,  360
 -110000,  -108050,  30.44770680,  29.09802493,  28.02404400,  27.45850774,  27.51905295,  28.20705334,  29.39268884,  30.79913329,  32.03283134,  32.70130078,  32.58367594,  31.73598005,  17.00368044,  46.78568231,  75.33842111, 103.02659102, 130.41152174, 158.15593453, 186.88374601, 216.99635194, 248.50534325, 280.98442543, 313.70485377, 345.89858118,   1.60999636,  32.06135696,  61.19844375,  89.25914969, 116.71654230, 144.19687249, 172.36433765, 201.75568720, 232.59335770, 264.66486169, 297.36488862, 329.90963830,  32.06135696,  61.19844375,  89.25914969, 116.71654230, 144.19687249, 172.36433765, 201.75568720, 232.59335770, 264.66486169, 297.36488862, 329.90963830, 361.60999636,  80.000, 170.500,  360
 -109000,  -107050,  31.16080191,  29.66691230,  28.32192074,  27.43404607,  27.18444471,  27.62992843,  28.69734249,  30.16245588,  31.64919060,  32.70793363,  32.98629951,  32.39872373,  15.85482765,  46.29101042,  75.29131334, 103.12878314, 130.33674662, 157.61061312, 185.67177586, 215.08461440, 246.06307480, 278.35550155, 311.29866215, 344.04587773,   0.10340167,  31.25706320,  60.96067203,  89.32714803, 116.77043294, 143.91902290, 171.50144107, 200.18565411, 230.38261477, 262.07884283, 294.79783795, 327.74866928,  31.25706320,  60.96067203,  89.32714803, 116.77043294, 143.91902290, 171.50144107, 200.18565411, 230.38261477, 262.07884283, 294.79783795, 327.74866928, 360.10340167,  80.000, 170.500,  360
 -108000,  -106050,  31.86797888,  30.32990292,  28.77643507,  27.59075632,  27.02206044,  27.18291310,  28.05444170,  29.47105196,  31.10183558,  32.48669724,  33.17724852,  32.93867827,  14.50599011,  45.64238841,  75.21764070, 103.37665534, 130.59011170, 157.55201486, 185.04389650, 213.75667658, 244.08913093, 275.98863558, 308.92614827, 342.05654737,  -1.58602100,  30.26345982,  60.62474982,  89.45132824, 117.06204189, 144.05383321, 171.18404491, 199.21360895, 228.71198947, 259.86588045, 292.37611304, 325.52480755,  30.26345982,  60.62474982,  89.45132824, 117.06204189, 144.05383321, 171.18404491, 199.21360895, 228.71198947, 259.86588045, 292.37611304, 325.52480755, 358.41397900,  80.000, 170.500,  360
 -107000,  -105050,  32.50452559,  31.03435713,  29.35531378,  27.91633539,  27.03836784,  26.89261651,  27.51215486,  28.78885245,  30.45106198,  32.06670038,  33.13857599,  33.30113810,  13.06499192,  44.88781412,  75.12256837, 103.75266064, 131.15050102, 157.97516705, 185.03328738, 213.10433413, 242.74104704, 274.08839347, 306.79666160, 340.10068802,  -3.31817086,  29.15691333,  60.21474805,  89.62303843, 117.56967727, 144.58565241, 171.42340984, 198.89996377, 227.70667475, 258.21115491, 290.31271832, 323.43233457,  29.15691333,  60.21474805,  89.62303843, 117.56967727, 144.58565241, 171.42340984, 198.89996377, 227.70667475, 258.21115491, 290.31271832, 323.43233457, 356.68182914,  80.000, 170.500,  360
 -106000,  -104050,  33.00913217,  31.72018815,  30.01528861,  28.38758983,  27.22881812,  26.77318940,  27.10559221,  28.17148240,  29.76178319,  31.49751732,  32.87938549,  33.45003310,  11.65408789,  44.08688987,  75.01310348, 104.23005241, 131.97673949, 158.84321699, 185.62790520, 213.16246682, 242.11698223, 272.81327768, 305.09906979, 338.35198435,  -4.94198515,  28.02815313,  59.76188061,  89.82992290, 118.25704013, 145.47306913, 172.19235426, 199.25345695, 227.43201811, 257.24505950, 288.78658020, 321.65822644,  28.02815313,  59.76188061,  89.82992290, 118.25704013, 145.47306913, 172.19235426, 199.25345695, 227.43201811, 257.24505950, 288.78658020, 321.65822644, 355.05801485,  80.000, 170.500,  360
 -105000,  -103050,  33.33229709,  32.32525707,  30.70382152,  28.97069060,  27.57846744,  26.82752202,  26.85696915,  27.66265029,  29.09511377,  30.84015655,  32.43333099,  33.37372351,  10.39907884,  43.30717414,  74.89785204, 104.77337518, 133.00840173, 160.08925359, 186.77329041, 213.91036492, 242.25074167, 272.26115571, 303.98085756, 336.96889859,  -6.31059484,  26.97541455,  59.30303145,  90.05622808, 119.07381741, 146.65013942, 173.42769275, 200.23371650, 227.89234019, 257.03350525, 287.92393525, 320.36121839,  26.97541455,  59.30303145,  90.05622808, 119.07381741, 146.65013942, 173.42769275, 200.23371650, 227.89234019, 257.03350525, 287.92393525, 320.36121839, 353.68940516,  80.000, 170.500,  360
 -104000,  -102050,  33.44380974,  32.79253972,  31.36257042,  29.62196256,  28.06230764,  27.04826055,  26.77673893,  27.29314867,  28.50275766,  30.15777218,  31.85181581,  33.08631613,   9.41539267,  42.61823405,  74.78649236, 105.33985120, 134.16755724, 161.61870022, 188.37622922, 215.27576820, 243.11257530, 272.46205555, 303.53203880, 336.07567636,  -7.29857079,  26.09456916,  58.87800505,  90.28357525, 119.95729991, 148.02835676, 175.03323714, 201.75538372, 229.03396380, 257.57520756, 287.78635042, 319.65319319,  26.09456916,  58.87800505,  90.28357525, 119.95729991, 148.02835676, 175.03323714, 201.75538372, 229.03396380, 257.57520756, 287.78635042, 319.65319319, 352.70142921,  80.000, 170.500,  360
 -103000,  -101050,  33.33725087,  33.07782948,  31.93275796,  30.28981888,  28.64563762,  27.41843049,  26.86488026,  27.08148664,  28.02435278,  29.50823870,  31.19512056,  32.62419577,   8.79344137,  42.08383377,  74.68892030, 105.88212008, 135.36243973, 163.31335154, 190.30981450, 217.14114465, 244.61469613, 273.37848421, 303.77659718, 335.74697507,  -7.81797156,  25.46749444,  58.52551009,  90.49235167, 120.83578520, 149.50046435, 176.88424911, 203.69386015, 230.75154025, 258.80523448, 288.36679620, 319.58650418,  25.46749444,  58.52551009,  90.49235167, 120.83578520, 149.50046435, 176.88424911, 203.69386015, 230.75154025, 258.80523448, 288.36679620, 319.58650418, 352.18202844,  80.000, 170.500,  360
 -102000,  -100050,  33.03021966,  33.15616857,  32.36193658,  30.91830406,  29.28499356,  27.91178049,  27.11187754,  27.03518225,  27.68708164,  28.93954504,  30.52389086,  32.03901976,   8.58643615,  41.75357041,  74.61413090, 106.35247537, 136.49376331, 165.03813111, 192.42081846, 219.35235247, 246.62067483, 274.91245569, 304.67256341, 335.99940199,  -7.82961313,  25.15099092,  58.27838513,  90.66369823, 121.63419459, 150.94706238, 178.83441389, 205.89327581, 232.89729070, 260.60376747, 289.59371591, 320.14959219,  25.15099092,  58.27838513,  90.66369823, 121.63419459, 150.94706238, 178.83441389, 205.89327581, 232.89729070, 260.60376747, 289.59371591, 320.14959219, 352.17038687,  80.000, 170.500,  360
 -101000,   -99050,  32.56034861,  33.02527382,  32.61093216,  31.45229626,  29.93018969,  28.49320708,  27.49928024,  27.15201891,  27.50656480,  28.48787190,  29.89268444,  31.38933207,   8.80363625,  41.65586203,  74.56902774, 106.70822466, 137.46371838, 166.65111844, 194.54007155, 221.72996522, 248.95805763, 276.91785390, 306.12015003, 336.79163725,  -7.34694890,  25.16892849,  58.15903780,  90.78183128, 122.28167056, 152.24632792, 180.72601812, 208.17724237, 235.29301770, 262.80895255, 291.34186624, 321.27137894,  25.16892849,  58.15903780,  90.78183128, 122.28167056, 152.24632792, 180.72601812, 208.17724237, 235.29301770, 262.80895255, 291.34186624, 321.27137894, 352.65305110,  80.000, 170.500,  360
 -100000,   -98050,  31.97845009,  32.70502710,  32.65933978,  31.84380886,  30.52784697,  29.11976300,  28.00001421,  27.42091906,  27.48816563,  28.17758084,  29.34618344,  30.73290104,   9.41066401,  41.79412509,  74.55743643, 106.91723969, 138.18670187, 168.01642593, 196.49580234, 224.08313687, 251.43343772, 279.21640940, 307.97601767, 338.03272309,  -6.43185372,  25.50966763,  58.17624516,  90.83622155, 122.72009114, 153.28615162, 182.40314348, 210.36237431, 237.74451012, 265.23258725, 293.44792381, 322.83305772,  25.50966763,  58.17624516,  90.83622155, 122.72009114, 153.28615162, 182.40314348, 210.36237431, 237.74451012, 265.23258725, 293.44792381, 322.83305772, 353.56814628,  80.000, 170.500,  360
  -99000,   -97050,  31.34076706,  32.23330535,  32.50812218,  32.05823142,  31.02638314,  29.74275035,  28.57882364,  27.82240304,  27.62813300,  28.02219432,  28.91777101,  30.12111549,  10.33655798,  42.14715954,  74.57958625, 106.96242185, 138.59990894, 169.01838756, 198.12889856, 226.22515976, 253.84882518, 281.61531615, 310.07093960, 339.59627174,  -5.18369334,  26.12932985,  58.32419301,  90.82308079, 122.91177233, 153.97691842, 183.72660606, 212.27368832, 240.05741100, 267.67712738, 295.72842751, 324.68457177,  26.12932985,  58.32419301,  90.82308079, 122.91177233, 153.97691842, 183.72660606, 212.27368832, 240.05741100, 267.67712738, 295.72842751, 324.68457177, 354.81630666,  80.000, 170.500,  360
  -98000,   -96050,  30.70211285,  31.65946898,  32.17863729,  32.07905516,  31.38188179,  30.31120794,  29.19332959,  28.32884920,  27.91433272,  28.02561148,  28.62970570,  29.59580730,  11.48548087,  42.67351125,  74.63220211, 106.84391523, 138.67147024, 169.57467325, 199.30818557, 227.98919627, 256.01778718, 283.92443294, 312.22794051, 341.33733750,  -3.72454383,  26.95981660,  58.58398376,  90.74574933, 122.84449290, 154.26246161, 184.58847685, 213.76020610, 242.05308383, 269.95228799, 297.99757299, 326.66254480,  26.95981660,  58.58398376,  90.74574933, 122.84449290, 154.26246161, 184.58847685, 213.76020610, 242.05308383, 269.95228799, 297.99757299, 326.66254480, 356.27545617,  80.000, 170.500,  360
  -97000,   -95050,  30.11095534,  31.03726500,  31.70847558,  31.90985569,  31.56374251,  30.77671004,  29.79616290,  28.90494302,  28.32659706,  28.18309427,  28.49406660,  29.18813198,  12.75011901,  43.31846998,  74.70916444, 106.57848185, 138.40416311, 169.64574921, 199.94342239, 229.24236522, 257.77976497, 285.97125618, 314.27839667, 343.10870810,  -2.18385463,  27.91931965,  58.92710543,  90.61389423, 122.53254154, 154.12677365, 184.92367460, 214.70871431, 243.58281840, 271.88959824, 300.08274520, 328.60673051,  27.91931965,  58.92710543,  90.61389423, 122.53254154, 154.12677365, 184.92367460, 214.70871431, 243.58281840, 271.88959824, 300.08274520, 328.60673051, 357.81614537,  80.000, 170.500,  360
  -96000,   -94050,  29.60667091,  30.41866050,  31.14534600,  31.57303188,  31.55879720,  31.09888035,  30.33842513,  29.50878368,  28.83693599,  28.48185014,  28.51382480,  28.91879340,  14.02399633,  44.02185006,  74.80253450, 106.19628235, 137.83381426, 169.23871342, 199.99393344, 229.89654521, 259.01131769, 287.61245610, 316.07446454, 344.77421365,  -0.68526349,  28.92282862,  59.31986208,  90.44177936, 122.01357892, 153.59494308, 184.71648993, 215.05379765, 244.53896339, 273.35373450, 301.83642992, 330.37297760,  28.92282862,  59.31986208,  90.44177936, 122.01357892, 153.59494308, 184.71648993, 215.05379765, 244.53896339, 273.35373450, 301.83642992, 330.37297760, 359.31473651,  80.000, 170.500,  360
  -95000,   -93050,  29.21859223,  29.84946389,  30.54056803,  31.10572718,  31.37282960,  31.25057324,  30.77434770,  30.09406754,  29.41000020,  28.90128210,  28.68366224,  28.79888606,  15.21088251,  44.72489746,  74.90367321, 105.73600847, 137.02293095, 168.40477504, 199.47153177, 229.91478599, 259.63364578, 288.74157513, 317.49728418, 346.21790634,   0.66291402,  29.89073388,  59.72769622,  90.24609601, 121.34226541, 152.72821364, 184.00087383, 214.78284859, 244.86211599, 274.25014877, 303.14408295, 331.84190749,  29.89073388,  59.72769622,  90.24609601, 121.34226541, 152.72821364, 184.00087383, 214.78284859, 244.86211599, 274.25014877, 303.14408295, 331.84190749, 360.66291402,  80.000, 170.500,  360
  -94000,   -92050,  28.96620709,  29.36688085,  29.94347682,  30.55408480,  31.02911490,  31.22151172,  31.06653773,  30.61355365,  30.00424566,  29.41316528,  28.99041778,  28.83080373,  16.23067734,  45.37533007,  75.00421752, 105.23960676, 136.05127110, 167.23109349, 198.43740780, 229.31285471, 259.61633070, 289.29321010, 318.46135643, 347.34916572,   1.77325610,  30.75462055,  60.11862606,  90.04386694, 120.58234356, 151.61449311, 182.85459648, 213.93554391, 244.54407298, 274.52914933, 303.92836571, 332.92358702,  30.75462055,  60.11862606,  90.04386694, 120.58234356, 151.61449311, 182.85459648, 213.93554391, 244.54407298, 274.52914933, 303.92836571, 332.92358702, 361.77325610,  80.000, 170.500,  360
  -93000,   -91050,  28.85987240,  28.99865028,  29.39746168,  29.96723246,  30.56442848,  31.01944146,  31.19079579,  31.02363786,  30.57418469,  29.98213677,  29.41325698,  29.00890115,  17.02214108,  45.93027436,  75.09677856, 104.74766773, 135.00556297, 165.82886558, 196.99369086, 228.15600469, 258.97757229, 289.24440187, 318.91607410, 348.10460559,   2.58153448,  31.46029057,  60.46546872,  89.85079103, 119.79894501, 150.35655718, 181.38857849, 212.59806597, 243.62665690, 274.18693967, 304.15063622, 333.55917544,  31.46029057,  60.46546872,  89.85079103, 119.79894501, 150.35655718, 181.38857849, 212.59806597, 243.62665690, 274.18693967, 304.15063622, 333.55917544, 362.58153448,  80.000, 170.500,  360
  -92000,   -90050,  28.90156636,  28.76318710,  28.93774313,  29.39214778,  30.02360244,  30.66850615,  31.13937181,  31.28940489,  31.07388458,  30.56692960,  29.92383169,  29.31982448,  17.54339141,  46.35742752,  75.17533638, 104.29610112, 133.97033445, 164.32009980, 195.27122412, 226.55149680, 257.78127233, 288.61395757, 318.84551164, 348.44798757,   3.04685561,  31.96865559,  60.74691704,  89.68017879, 119.05241364, 149.06034125, 179.73349926, 210.89302724, 242.19675021, 273.26412307, 303.81063458, 333.72074442,  31.96865559,  60.74691704,  89.68017879, 119.05241364, 149.06034125, 179.73349926, 210.89302724, 242.19675021, 273.26412307, 303.81063458, 333.72074442, 363.04685561,  80.000, 170.500,  360
  -91000,   -89050,  29.08541336,  28.67017069,  28.59056123,  28.87002761,  29.45390341,  30.20531207,  30.92181356,  31.38916299,  31.46149910,  31.12270440,  30.48680931,  29.74262225,  17.77120609,  46.63504463,  75.23538507, 103.91422046, 133.02105825, 162.82535347, 193.41557100, 224.63777699, 256.13123527, 287.46013031, 318.26732033, 348.36925017,   3.15076451,  32.25536121,  60.94777305,  89.54244019, 118.39421140, 147.82517068, 178.02601461, 208.96657204, 240.37801308, 271.84194852, 302.94499940, 333.41028336,  32.25536121,  60.94777305,  89.54244019, 118.39421140, 147.82517068, 178.02601461, 208.96657204, 240.37801308, 271.84194852, 302.94499940, 333.41028336, 363.15076451,  80.000, 170.500,  360
  -90000,   -88050,  29.39792196,  28.72115982,  28.37326094,  28.43423975,  28.90026551,  29.67370987,  30.56318607,  31.31738619,  31.70418061,  31.60459959,  31.06118493,  30.24890477,  17.69998814,  46.75136731,  75.27391731, 103.62399674, 132.21994316, 161.45400000, 191.57330541, 222.57154025, 254.16272762, 285.87668057, 317.23109791, 347.88339464,   2.89615084,  32.30992533,  61.05870879,  89.44497573, 117.86481671, 146.73687258, 176.39657007, 206.97441224, 238.31995427, 270.03632743, 301.62477885, 332.65846621,  32.30992533,  61.05870879,  89.44497573, 117.86481671, 146.73687258, 176.39657007, 206.97441224, 238.31995427, 270.03632743, 301.62477885, 332.65846621, 362.89615084,  80.000, 170.500,  360
  -89000,   -87050,  29.81805732,  28.91000410,  28.29477210,  28.10955284,  28.40192816,  29.11947588,  30.10015295,  31.08529573,  31.78238861,  31.97224693,  31.60270090,  30.80342449,  17.34091609,  46.70397106,  75.28933674, 103.44007321, 131.61401465, 160.29765862, 189.88023888, 220.51413176, 252.03178475, 283.98705859, 315.81608677, 347.02948463,   2.30637941,  32.13493490,  61.07587525,  89.39229095, 117.49311833, 145.86381275, 174.96004833, 205.06852555, 236.18529623, 267.98958092, 299.95166032, 331.52323284,  32.13493490,  61.07587525,  89.39229095, 117.49311833, 145.86381275, 174.96004833, 205.06852555, 236.18529623, 267.98958092, 299.95166032, 331.52323284, 362.30637941,  80.000, 170.500,  360
  -88000,   -86050,  30.31741689,  29.22301133,  28.35610998,  27.91217555,  27.99053436,  28.58583692,  29.57591455,  30.71892441,  31.69256610,  32.19457780,  32.06745810,  31.36547403,  16.72142599,  46.49930590,  75.28136500, 103.37013072, 131.23476635, 159.42658285, 188.45253989, 218.61873680, 249.90296158, 281.93642920, 314.12766726, 345.86954063,   1.42462684,  31.74554997,  61.00057382,  89.38618013, 117.29667414, 145.25527104, 173.80961545, 203.38588288, 234.13682478, 265.86006939, 298.05241107, 330.08777268,  31.74554997,  61.00057382,  89.38618013, 117.29667414, 145.25527104, 173.80961545, 203.38588288, 234.13682478, 265.86006939, 298.05241107, 330.08777268, 361.42462684,  80.000, 170.500,  360
  -87000,   -85050,  30.86087548,  29.63900110,  28.55069549,  27.85014856,  27.68940034,  28.11032755,  29.03511794,  30.25518080,  31.44748139,  32.25394225,  32.41642932,  31.89139978,  15.88481773,  46.15249235,  75.25098062, 103.41529044, 131.09861171, 158.88827396, 187.38092772, 217.01952816, 247.93654633, 279.88154144, 312.29197818, 344.48673594,   0.31301877,  31.16927258,  60.83908166,  89.42587721, 117.28227610, 144.94129754, 173.01339868, 202.03996443, 232.32498734, 263.81024466, 296.07109977, 328.45720586,  31.16927258,  60.83908166,  89.42587721, 117.28227610, 144.94129754, 173.01339868, 202.03996443, 232.32498734, 263.81024466, 296.07109977, 328.45720586, 360.31301877,  80.000, 170.500,  360
  -86000,   -84050,  31.40808123,  30.12951567,  28.86447266,  27.92375209,  27.51352106,  27.72301271,  28.51961034,  29.73688896,  31.07413779,  32.14855071,  32.62017695,  32.33827984,  14.88949124,  45.68723958,  75.20039671, 103.57038075, 131.20752371, 158.70741558, 186.72750593, 215.82343434, 246.27641404, 277.97892655, 310.44818107, 342.98211589,  -0.94910865,  30.44568213,  60.60260465,  89.50813204, 117.44644607, 144.93323219, 172.61320865, 201.11516213, 230.87731093, 261.99407284, 294.15905104, 326.75323136,  30.44568213,  60.60260465,  89.50813204, 117.44644607, 144.93323219, 172.61320865, 201.11516213, 230.87731093, 261.99407284, 294.15905104, 326.75323136, 359.05089135,  80.000, 170.500,  360
  -85000,   -83050,  31.91607357,  30.65954981,  29.27596468,  28.12575544,  27.46989195,  27.44579441,  28.06547312,  29.20786644,  30.60979656,  31.89259364,  32.66280017,  32.66844020,  13.80714623,  45.13558911,  75.13305634, 103.82404137, 131.54951800, 158.88635718, 186.52448597, 215.10463467, 245.03958969, 276.37239804, 308.73836554, 341.46914140,  -2.26858158,  29.62564659,  60.30722731,  89.62722848, 117.77571118, 145.22431481, 172.62444754, 200.66365757, 229.89030156, 260.54501393, 292.46305575, 325.10630041,  29.62564659,  60.30722731,  89.62722848, 117.77571118, 145.22431481, 172.62444754, 200.66365757, 229.89030156, 260.54501393, 292.46305575, 325.10630041, 357.73141842,  80.000, 170.500,  360
  -84000,   -82050,  32.34303433,  31.18916576,  29.75654511,  28.44150614,  27.55784251,  27.29239236,  27.70134661,  28.70885376,  30.09707705,  31.51399638,  32.54415438,  32.85408562,  12.71929068,  44.53708063,  75.05360103, 104.15877473, 132.09893426, 159.40569484, 186.77406905, 214.90147729, 244.30826586, 275.18113610, 307.29574487, 340.06574218,  -3.54397812,  28.76943659,  59.97364814,  89.77501226, 118.24673116, 145.79015478, 173.03655715, 200.70414556, 229.42402364, 259.56571266, 291.11292379, 323.64544390,  28.76943659,  59.97364814,  89.77501226, 118.24673116, 145.79015478, 173.03655715, 200.70414556, 229.42402364, 259.56571266, 291.11292379, 323.64544390, 356.45602188,  80.000, 170.500,  360
  -83000,   -81050,  32.65280411,  31.67623362,  30.27128254,  28.84901492,  27.76923587,  27.26860983,  27.44776819,  28.27468746,  29.57915699,  31.05038353,  32.27975225,  32.88107069,  11.71166056,  43.93692730,  74.96775219, 104.55116821, 132.81675444, 160.22489914, 187.44903278, 215.21537497, 244.12463301, 274.48966451, 306.23241169, 338.88421052,  -4.67355259,  27.94325925,  59.62645043,  89.94103643, 118.82654804, 146.58918830, 173.81374355, 201.22186337, 229.49922789, 259.12029708, 290.20982735, 322.48660021,  27.94325925,  59.62645043,  89.94103643, 118.82654804, 146.58918830, 173.81374355, 201.22186337, 229.49922789, 259.12029708, 290.20982735, 322.48660021, 355.32644741,  80.000, 170.500,  360
  -82000,   -80050,  32.81941072,  32.08026301,  30.78070594,  29.31932144,  28.08855545,  27.37261189,  27.31713325,  27.93270614,  29.09583737,  30.54421198,  31.89835727,  32.75088553,  10.86666905,  43.38292551,  74.88204370, 104.97258200, 133.65142379, 161.28332699, 188.49398180, 216.01136506, 244.48859826, 274.34080495, 305.62830661, 338.02001868,  -5.56492179,  27.21403719,  59.29269191,  90.11294989, 119.47337224, 147.56356358, 174.89614391, 202.16969905, 230.09680209, 259.22983794, 289.81693483, 321.72093555,  27.21403719,  59.29269191,  90.11294989, 119.47337224, 147.56356358, 174.89614391, 202.16969905, 230.09680209, 259.22983794, 289.81693483, 321.72093555, 354.43507821,  80.000, 170.500,  360
  -81000,   -79050,  32.83063381,  32.36690754,  31.24369178,  29.81749401,  28.49305345,  27.59509950,  27.31391906,  27.70211347,  28.68082557,  30.03806395,  31.43787639,  32.48032148,  10.25468369,  42.92113032,  74.80336490, 105.39059190, 134.54075729, 162.50223756, 189.82762258, 217.22031162, 245.35836367, 274.73233516, 305.52307230, 337.54125790,  -6.14520943,  26.64277060,  58.99972751,  90.27723444, 120.13836480, 148.64109364, 176.20195945, 203.47053889, 231.15943450, 259.87122994, 289.95358760, 321.40499694,  26.64277060,  58.99972751,  90.27723444, 120.13836480, 148.64109364, 176.20195945, 203.47053889, 231.15943450, 259.87122994, 289.95358760, 321.40499694, 353.85479057,  80.000, 170.500,  360
  -80000,   -78050,  32.68971675,  32.51235366,  31.62138028,  30.30458453,  28.95325461,  27.91942686,  27.43492935,  27.59392571,  28.36020741,  29.57082278,  30.94051160,  32.09888645,   9.92556033,  42.59075899,  74.73832006, 105.77135882, 135.41545371, 163.78852396, 191.34667175, 218.74300898, 246.65385536, 275.61769506, 305.91211209, 337.48062751,  -6.36984204,  26.27741179,  58.77240611,  90.42032595, 120.76876687, 149.73892564, 177.63125319, 205.02130717, 232.59557082, 260.97956020, 290.59381836, 321.55444255,  26.27741179,  58.77240611,  90.42032595, 120.76876687, 149.73892564, 177.63125319, 205.02130717, 232.59557082, 260.97956020, 290.59381836, 321.55444255, 353.63015796,  80.000, 170.500,  360
  -79000,   -77050,  32.41475748,  32.50661972,  31.88164080,  30.74068595,  29.43415880,  28.32185683,  27.66947409,  27.61117051,  28.15183376,  29.17505158,  30.44813503,  31.64461544,   9.90216903,  42.41920497,  74.69247611, 106.08285546, 136.20444629, 165.04069033, 192.93198998, 220.45654771, 248.26300122, 276.91071431, 306.74753763, 337.83160747,  -6.22816159,  26.14662725,  58.63005052,  90.53003756, 121.31243178, 150.76932633, 179.07201034, 206.69920804, 234.28583773, 262.45387076, 291.66945148, 322.14255031,  26.14662725,  58.63005052,  90.53003756, 121.31243178, 150.76932633, 179.07201034, 206.69920804, 234.28583773, 262.45387076, 291.66945148, 322.14255031, 353.77183841,  80.000, 170.500,  360
  -78000,   -76050,  32.03591904,  32.35492635,  32.00325916,  31.08892576,  29.89742415,  28.77225331,  27.99955927,  27.74912575,  28.06526581,  28.87552815,  29.99857256,  31.15924068,  10.17742493,  42.41826082,  74.66963483, 106.29855734, 136.84180176, 166.15712232, 194.45719575, 222.22312380, 250.05071511, 278.49395382, 307.94391263, 338.54966690,  -5.74456225,  26.25588532,  58.58383515,  90.59706706, 121.72335995, 151.64746235, 180.40864239, 208.37042497, 236.09197249, 264.16600047, 293.07743728, 323.10384485,  26.25588532,  58.58383515,  90.59706706, 121.72335995, 151.64746235, 180.40864239, 208.37042497, 236.09197249, 264.16600047, 293.07743728, 323.10384485, 354.25543775,  80.000, 170.500,  360
  -77000,   -75050,  31.59115268,  32.07675534,  31.97888558,  31.31984322,  30.30460764,  29.23553372,  28.40029925,  27.99554380,  28.10197208,  28.68866345,  29.62308279,  30.68366045,  10.71558813,  42.58250658,  74.67129596, 106.40091293, 137.27425753, 167.04599449, 195.79940442, 223.90102272, 251.87011799, 280.22984651, 309.38793410, 339.55831490,  -4.97483607,  26.58687439,  58.63520119,  90.61627303, 121.96735468, 152.30036055, 181.53244501, 209.90100164, 237.86792318, 265.97186127, 294.69051013, 324.34222726,  26.58687439,  58.63520119,  90.61627303, 121.96735468, 152.30036055, 181.53244501, 209.90100164, 237.86792318, 265.97186127, 294.69051013, 324.34222726, 355.02516393,  80.000, 170.500,  360
  -76000,   -74050,  31.12140430,  31.70282659,  31.81597720,  31.41528877,  30.62120628,  29.67410750,  28.84084807,  28.33096164,  28.25559625,  28.62246417,  29.34496791,  30.25435132,  11.45756201,  42.89031411,  74.69645269, 106.38379042, 137.46798974, 167.63543347, 196.85102130, 225.35692652, 253.57509902, 281.97344407, 310.95059253, 340.75880871,  -3.99850263,  27.10043889,  58.77574071,  90.58740162, 122.02661087, 152.67559018, 182.35277602, 211.16896924, 239.47228216, 267.72412516, 296.36981017, 325.74219221,  27.10043889,  58.77574071,  90.58740162, 122.02661087, 152.67559018, 182.35277602, 211.16896924, 239.47228216, 267.72412516, 296.36981017, 325.74219221, 356.00149737,  80.000, 170.500,  360
  -75000,   -73050,  30.66621252,  31.27074099,  31.53546451,  31.37091813,  30.82087115,  30.05128810,  29.28613706,  28.72932035,  28.51227008,  28.67675817,  29.17904467,  29.90097427,  12.32898448,  43.30722803,  74.74177877, 106.25325896, 137.41308675, 167.88209373, 197.53093631, 226.47818373, 255.03296424, 283.58534607, 312.50005945, 342.04169945,  -2.90872552,  27.74232734,  58.98859687,  90.51506302, 121.90211110, 152.74789884, 182.80716694, 212.07622413, 240.78077937, 269.28501759, 297.97788123, 327.18127907,  27.74232734,  58.98859687,  90.51506302, 121.90211110, 152.74789884, 182.80716694, 212.07622413, 240.78077937, 269.28501759, 297.97788123, 327.18127907, 357.09127448,  80.000, 170.500,  360
  -74000,   -72050,  30.26029414,  30.82026217,  31.16847810,  31.19661987,  30.88891376,  30.33532180,  29.69956969,  29.15917419,  28.85109177,  28.84353057,  29.13165253,  29.64509141,  13.24940342,  43.79089103,  74.80215998, 106.02647615, 137.12460236, 167.77634298, 197.79325074, 227.18343910, 256.13579320, 284.94341368, 313.91363436, 343.29828110,  -1.80172648,  28.45042646,  59.25102235,  90.40795659, 121.61318176, 152.52226485, 182.86846450, 212.55840462, 241.69736661, 270.53786394, 299.39053531, 328.54192759,  28.45042646,  59.25102235,  90.40795659, 121.61318176, 152.52226485, 182.86846450, 212.55840462, 241.69736661, 270.53786394, 299.39053531, 328.54192759, 358.19827352,  80.000, 170.500,  360
  -73000,   -71050,  29.93132383,  30.38910215,  30.75194038,  30.91474612,  30.82424337,  30.50333828,  30.04655769,  29.58572238,  29.24499220,  29.10736923,  29.20094254,  29.49972183,  14.14088186,  44.29641250,  74.87143584, 105.72896369, 136.63988770, 167.34286675, 197.63193178, 227.43012879, 256.80927703, 285.95216371, 315.08750501, 344.43038381,  -0.76736445,  29.16201348,  59.53748075,  90.27754454, 121.19430092, 152.03259566, 182.54752447, 212.59117271, 242.16253578, 271.39625375, 300.50644177, 329.72133909,  29.16201348,  59.53748075,  90.27754454, 121.19430092, 152.03259566, 182.54752447, 212.59117271, 242.16253578, 271.39625375, 300.50644177, 329.72133909, 359.23263555,  80.000, 170.500,  360
  -72000,   -70050,  29.69880023,  30.00974378,  30.32398493,  30.55660114,  30.63921485,  30.54435305,  30.29844343,  29.97372283,  29.66223582,  29.44614939,  29.37732074,  29.46942981,  14.93487075,  44.78118870,  74.94318374, 105.39094615, 136.01284600, 166.63652009, 197.08049190, 227.21777014, 257.01817109, 286.54919106, 315.94367252, 345.35761987,   0.11807069,  29.81986564,  59.82264795,  90.13649224, 120.68995172, 151.33635557, 181.89086128, 212.19184481, 242.15788001, 271.81007979, 301.25382437, 330.63859796,  29.81986564,  59.82264795,  90.13649224, 120.68995172, 151.33635557, 181.89086128, 212.19184481, 242.15788001, 271.81007979, 301.25382437, 330.63859796, 360.11807069,  80.000, 170.500,  360
  -71000,   -69050,  29.57372651,  29.70745261,  29.92000553,  30.15804024,  30.35741894,  30.46056693,  30.43607075,  30.29106370,  30.06871704,  29.83216376,  29.64406122,  29.55071276,  15.57685312,  45.20855143,  75.01140220, 105.04355902, 135.30644963, 165.73433466, 196.20674179, 226.58659456, 256.76792710, 286.70841002, 316.43395851, 346.02188265,   0.79650931,  30.37661439,  60.08384141,  89.99719370, 120.14870519, 150.50635520, 180.97372626, 211.41609825, 241.70640482, 271.76812638, 301.59414535, 331.23894441,  30.37661439,  60.08384141,  89.99719370, 120.14870519, 150.50635520, 180.97372626, 211.41609825, 241.70640482, 271.76812638, 301.59414535, 331.23894441, 360.79650931,  80.000, 170.500,  360
  -70000,   -68050,  29.55881421,  29.49934195,  29.56978797,  29.75510878,  30.00998529,  30.26661434,  30.45218665,  30.51245822,  30.43101047,  30.23389308,  29.97821541,  29.73258363,  16.02884242,  45.55005354,  75.07101005, 104.71559466, 134.58506997, 164.72536126, 195.10360375, 225.61175907, 256.10247211, 286.44020758, 316.54137845, 346.38940065,   1.23041626,  30.79727323,  60.30266269,  89.87060569, 119.61768690, 149.62144524, 179.89001100, 210.35032235, 240.86862411, 271.29720836, 301.52297579, 331.49552188,  30.79727323,  60.30266269,  89.87060569, 119.61768690, 149.62144524, 179.89001100, 210.35032235, 240.86862411, 271.29720836, 301.52297579, 331.49552188, 361.23041626,  80.000, 170.500,  360
  -69000,   -67050,  29.64900008,  29.39421737,  29.29581351,  29.38043658,  29.63127540,  29.98696104,  30.35206581,  30.62252161,  30.71985416,  30.61849350,  30.35199104,  29.99736990,  16.27015762,  45.78653289,  75.11814302, 104.43116080, 133.90789979, 163.70026376, 193.87764553, 224.39401219, 255.09845027, 285.78874282, 316.27928158, 346.45086536,   1.40326884,  31.06023222,  60.46587022,  89.76548256, 119.13822762, 148.75780432, 178.74087499, 209.10089578, 239.73497708, 270.45808424, 301.06835907, 331.40907869,  31.06023222,  60.46587022,  89.76548256, 119.13822762, 148.75780432, 178.74087499, 209.10089578, 239.73497708, 270.45808424, 301.06835907, 331.40907869, 361.40326884,  80.000, 170.500,  360
  -68000,   -66050,  29.83218515,  29.39292582,  29.11256657,  29.06074566,  29.25483241,  29.65211582,  30.15219959,  30.61751180,  30.91348631,  30.95486224,  30.73472997,  30.32183865,  16.29697759,  45.90825957,  75.15027567, 104.20832139, 133.32419618, 162.74228141, 192.63723631, 223.04818229, 253.85656787, 284.82668229, 315.68858660, 346.22011327,   1.31871644,  31.15714825,  60.56563847,  89.68799226, 118.74302360, 147.98201812, 177.62397127, 207.78209972, 238.41554661, 269.33854901, 300.28694383, 331.00603285,  31.15714825,  60.56563847,  89.68799226, 118.74302360, 147.98201812, 177.62397127, 207.78209972, 238.41554661, 269.33854901, 300.28694383, 331.00603285, 361.31871644,  80.000, 170.500,  360
  -67000,   -65050,  30.09021518,  29.48901802,  29.02657237,  28.81549064,  28.91019356,  29.29452246,  29.87740305,  30.50530255,  31.00014058,  31.21689201,  31.09547526,  30.67877432,  16.12107057,  45.91447982,  75.16621667, 104.05857667, 132.87049760, 161.92054243, 191.48201498, 221.69110525, 252.49099493, 283.64774501, 314.83331624, 345.73166182,   0.99878365,  31.09211348,  60.59939751,  89.64162992, 118.45473199, 147.34647908, 176.62467702, 206.50442802, 237.02839550, 268.04432517, 299.25812532, 330.33513534,  31.09211348,  60.59939751,  89.64162992, 118.45473199, 147.34647908, 176.62467702, 206.50442802, 237.02839550, 268.04432517, 299.25812532, 330.33513534, 360.99878365,  80.000, 170.500,  360
  -66000,   -64050,  30.40018296,  29.66964227,  29.03690603,  28.65643498,  28.62081868,  28.94490412,  29.55705948,  30.30361497,  30.97912137,  31.38633595,  31.40591147,  31.03906771,  15.76790872,  45.81258199,  75.16602341, 103.98695200, 132.56956044, 161.28602046, 190.49481801, 220.43055313, 251.11803256, 282.35761076, 313.79458351, 345.03720833,   0.48127479,  30.88034055,  60.56941326,  89.62733223, 118.28569948, 146.88705170, 175.81005431, 205.36474525, 235.68798598, 266.68862848, 298.07649886, 329.46282845,  30.88034055,  60.56941326,  89.62733223, 118.28569948, 146.88705170, 175.81005431, 205.36474525, 235.68798598, 266.68862848, 298.07649886, 329.46282845, 360.48127479,  80.000, 170.500,  360
  -65000,   -63050,  30.73612560,  29.91667657,  29.13599863,  28.58789131,  28.40308661,  28.62954177,  29.22131661,  30.03697655,  30.86021291,  31.45468224,  31.64325964,  31.37423156,  15.27421135,  45.61699271,  75.15086765, 103.99247778, 132.43058170, 160.86989741, 189.73655475, 219.35638424, 249.84536124, 281.06399806, 312.66328329, 344.20110977,  -0.18360895,  30.54644961,  60.48220239,  89.64371473, 118.23847192, 146.62259651, 175.22561933, 204.43919517, 234.49504809, 265.38151291, 296.84312720, 328.46739104,  30.54644961,  60.48220239,  89.64371473, 118.23847192, 146.62259651, 175.22561933, 204.43919517, 234.49504809, 265.38151291, 296.84312720, 328.46739104, 359.81639105,  80.000, 170.500,  360
  -64000,   -62050,  31.07110999,  30.20814430,  29.31066126,  28.60738499,  28.26613990,  28.36863581,  28.89788665,  29.73313240,  30.66160336,  31.42362160,  31.79259883,  31.65908090,  14.68488424,  45.34781690,  75.12286704, 104.06891070, 132.45028599, 160.68382878, 189.24394954, 218.53461634, 248.76307204, 279.86694104, 311.53197621, 343.29492129,  -0.93744945,  30.12234129,  60.34781233,  89.68738688, 118.30679883, 146.55584140, 174.89455808, 203.77916013, 233.52892458, 264.22018913, 295.65639069, 327.43211624,  30.12234129,  60.34781233,  89.68738688, 118.30679883, 146.55584140, 174.89455808, 203.77916013, 233.52892458, 264.22018913, 295.65639069, 327.43211624, 359.06255055,  80.000, 170.500,  360
  -63000,   -61050,  31.37956975,  30.51993506,  29.54331721,  28.70658073,  28.21231379,  28.17564626,  28.60980422,  29.41963268,  30.40685581,  31.30403126,  31.84813922,  31.87417401,  14.04936306,  45.02919587,  75.08488453, 104.20562234, 132.61457133, 160.72157368, 189.02971705, 218.00458714, 247.93735333, 278.85036523, 310.48672324, 342.39126827,  -1.71848280,  29.64462674,  60.17895862,  89.75332915, 118.47695869, 146.67515947, 174.81884042, 203.41008571, 232.84293850, 263.28138569, 294.60339909, 326.43802577,  29.64462674,  60.17895862,  89.75332915, 118.47695869, 146.67515947, 174.81884042, 203.41008571, 232.84293850, 263.28138569, 294.60339909, 326.43802577, 358.28151720,  80.000, 170.500,  360
  -62000,   -60050,  31.63962152,  30.82777382,  29.81345219,  28.87239344,  28.23792790,  28.05737901,  28.37419960,  29.12111657,  30.12160662,  31.11376395,  31.81319217,  32.00757321,  13.41751188,  44.68738252,  75.04029313, 104.38863508, 132.90054081, 160.96155659, 189.08460964, 217.77894372, 247.40725077, 278.07591221, 309.59980406, 341.55758017,  -2.46684567,  29.15166208,  59.99000957,  89.83533259, 118.72932839, 146.95695367, 174.98169746, 203.33269752, 232.46284214, 262.61649156, 293.75297839, 325.55687287,  29.15166208,  59.99000957,  89.83533259, 118.72932839, 146.95695367, 174.98169746, 203.33269752, 232.46284214, 262.61649156, 293.75297839, 325.55687287, 357.53315433,  80.000, 170.500,  360
  -61000,   -59050,  31.83500793,  31.10927744,  30.09926290,  29.08825581,  28.33429356,  28.01456892,  28.20194230,  28.85752889,  29.83060001,  30.87478021,  31.69889330,  32.05558874,  12.83541589,  44.34861062,  74.99270779, 104.60180161, 133.27883806, 161.37006505, 189.38080521, 217.84595450, 247.18445886, 277.57961339, 308.92422893, 340.85040958,  -3.12966591,  28.68036946,  59.79583913,  89.92650045, 119.04016983, 147.36847440, 175.35103595, 203.52603978, 232.38802310, 262.24977040, 293.15105265, 324.84530026,  28.68036946,  59.79583913,  89.92650045, 119.04016983, 147.36847440, 175.35103595, 203.52603978, 232.38802310, 262.24977040, 293.15105265, 324.84530026, 356.87033409,  80.000, 170.500,  360
  -60000,   -58050,  31.95633288,  31.34584861,  30.37941774,  29.33552380,  28.48885741,  28.04275837,  28.09792233,  28.64325620,  29.55544985,  30.61022302,  31.52201978,  32.02239000,  12.34155907,  44.03693430,  74.94569618, 104.82810296, 133.71622648, 161.90488203, 189.87619114, 218.17354286, 247.25573823, 277.37155839, 308.49070430, 340.31109485,  -3.66534581,  28.26316609,  59.61062062,  90.01979709, 119.38359934, 147.87095599, 175.88347196, 203.95178408, 232.59490957, 262.17948935, 292.81885972, 324.34092279,  28.26316609,  59.61062062,  90.01979709, 119.38359934, 147.87095599, 175.88347196, 203.95178408, 232.59490957, 262.17948935, 292.81885972, 324.34092279, 356.33465419,  80.000, 170.500,  360
  -59000,   -57050,  32.00138141,  31.52412800,  30.63477062,  29.59497321,  28.68643920,  28.13333742,  28.06174007,  28.48701537,  29.31326791,  30.34191937,  31.30240078,  31.91862663,  11.96391641,  43.77229162,  74.90249323, 105.05099508, 134.17831139, 162.51917116, 190.51916929, 218.71443912, 247.58732240, 277.43826180, 308.30730187, 339.96335581,  -4.04643386,  27.92540108,  59.44668429,  90.10860618, 119.73365374, 148.42294334, 176.52871941, 204.55931180, 233.04191412, 262.38145041, 292.75397690, 324.06080178,  27.92540108,  59.44668429,  90.10860618, 119.73365374, 148.42294334, 176.52871941, 204.55931180, 233.04191412, 262.38145041, 292.75397690, 324.06080178, 355.95356614,  80.000, 170.500,  360
  -58000,   -56050,  31.97451195,  31.63677703,  30.84982206,  29.84829246,  28.91052579,  28.27466590,  28.08862487,  28.39227369,  29.11609816,  30.08858639,  31.06041718,  31.75940453,  11.71837944,  43.56906296,  74.86575276, 105.25568521, 134.63223000, 163.16539169, 191.25362863, 219.41187689, 248.13057268, 277.74709528, 308.36162428, 339.81307574,  -4.26070189,  27.68367172,  59.31358736,  90.18724117, 120.06629839, 148.98361501, 177.23405828, 205.29111239, 233.67523730, 262.81419201, 292.93370833, 324.00235547,  27.68367172,  59.31358736,  90.18724117, 120.06629839, 148.98361501, 177.23405828, 205.29111239, 233.67523730, 262.81419201, 292.93370833, 324.00235547, 355.73929811,  80.000, 170.500,  360
  -57000,   -55050,  31.88530501,  31.68248874,  31.01372765,  30.07943357,  29.14456222,  28.45322636,  28.17046063,  28.35799523,  28.97098609,  29.86480945,  30.81495841,  31.56204665,  11.60869578,  43.43533295,  74.83737009, 105.43019191, 135.04906768, 163.79895613, 192.02371743, 220.20529392, 248.82812978, 278.25196494, 308.62488112, 339.85012204,  -4.31037853,  27.54525143,  59.21752968,  90.25134319, 120.36117316, 149.51583744, 177.94856500, 206.08805517, 234.43488120, 263.42504386, 293.32009137, 324.14633080,  27.54525143,  59.21752968,  90.25134319, 120.36117316, 149.51583744, 177.94856500, 206.08805517, 234.43488120, 263.42504386, 293.32009137, 324.14633080, 355.68962147,  80.000, 170.500,  360
  -56000,   -54050,  31.74678334,  31.66528073,  31.12071972,  30.27566853,  29.37315180,  28.65476000,  28.29684023,  28.37955446,  28.88048201,  29.68070742,  30.58202289,  31.34402888,  11.62781282,  43.37293687,  74.81840023, 105.56605314, 135.40574030, 164.38130780, 192.77803684, 221.03554029, 249.61987067, 278.89937835, 309.05706626, 340.05171067,  -4.20983123,  27.50864879,  59.16119223,  90.29811277, 120.60286927, 149.98865324, 178.62675808, 206.89410793, 235.26028465, 264.15624616, 293.86565413, 324.46115822,  27.50864879,  59.16119223,  90.29811277, 120.60286927, 149.98865324, 178.62675808, 206.89410793, 235.26028465, 264.15624616, 293.86565413, 324.46115822, 355.79016877,  80.000, 170.500,  360
  -55000,   -53050,  31.57355245,  31.59326114,  31.16991518,  30.42822462,  29.58305817,  28.86532587,  28.45609373,  28.44970660,  28.84339770,  29.54212301,  30.37398278,  31.12135877,  11.76026332,  43.37822041,  74.80907845, 105.65859694, 135.68613052, 164.88212366, 193.47290977, 221.84916908, 250.44809445, 279.63413690, 309.61238656, 340.38661608,  -3.98223764,  27.56510175,  59.14399456,  90.32634905, 120.78158549, 150.37894384, 179.23133842, 207.66012416, 236.09508886, 264.95046103, 294.51909337, 324.90788324,  27.56510175,  59.14399456,  90.32634905, 120.78158549, 150.37894384, 179.23133842, 207.66012416, 236.09508886, 264.95046103, 294.51909337, 324.90788324, 356.01776236,  80.000, 170.500,  360
  -54000,   -52050,  31.38015580,  31.47713517,  31.16459847,  30.53243649,  29.76390869,  29.07221109,  28.63623969,  28.55953964,  28.85567677,  29.45116111,  30.19942057,  30.90751651,  11.98508726,  43.44331203,  74.80893091, 105.70676726, 135.88137727, 165.28045027, 194.07447453, 222.60150108, 251.26152156, 280.40406921, 310.24420691, 340.81949859,  -3.65588598,  27.70065731,  59.16268821,  90.33630609, 120.89311436, 150.67211580, 179.73479945, 208.34642265, 236.89068014, 265.75518107, 295.23020225, 325.44491551,  27.70065731,  59.16268821,  90.33630609, 120.89311436, 150.67211580, 179.73479945, 208.34642265, 236.89068014, 265.75518107, 295.23020225, 325.44491551, 356.34411402,  80.000, 170.500,  360
  -53000,   -51050,  31.17983267,  31.32872241,  31.11115661,  30.58743758,  29.90853292,  29.26461860,  28.82580717,  28.69935198,  28.91127822,  29.40691822,  30.06339240,  30.71295121,  12.27877257,  43.55763890,  74.81694715, 105.71257782, 135.98935973, 165.56473686, 194.55950332, 223.25831296, 252.01788015, 281.16344726, 310.90899002, 341.31473913,  -3.26069351,  27.89843229,  59.21214928,  90.32940904, 120.93822692, 150.86181428, 180.11983638, 208.92403455, 237.60832700, 266.52575040, 295.95360687, 326.03201238,  27.89843229,  59.21214928,  90.32940904, 120.93822692, 150.86181428, 180.11983638, 208.92403455, 237.60832700, 266.52575040, 295.95360687, 326.03201238, 356.73930649,  80.000, 170.500,  360
  -52000,   -50050,  30.98375127,  31.15969909,  31.01788182,  30.59549247,  30.01292555,  29.43407693,  29.01447523,  28.85940798,  29.00300119,  29.40627981,  29.96796494,  30.54504372,  12.61779408,  43.70941767,  74.83177864, 105.68032668, 136.01355087, 165.73189952, 194.91502135, 223.79617556, 252.68504979, 281.87495838, 311.56895913, 341.83937606,  -2.82537681,  28.14069195,  59.28621760,  90.30789340, 120.92162478, 150.94882372, 180.37865889, 209.37466824, 238.21991323, 267.22692644, 296.65111617, 326.63315010,  28.14069195,  59.28621760,  90.30789340, 120.92162478, 150.94882372, 180.37865889, 209.37466824, 238.21991323, 267.22692644, 296.65111617, 326.63315010, 357.17462319,  80.000, 170.500,  360
  -51000,   -49050,  30.80069563,  30.98069295,  30.89384403,  30.56112397,  30.07588562,  29.57455159,  29.19348800,  29.03052915,  29.12319694,  29.44469317,  29.91288979,  30.40840916,  12.98048633,  43.88690815,  74.85192882, 105.61572880, 135.96150387, 165.78569058, 195.13696412, 224.20163628, 253.24091012, 282.51030904, 312.19344377, 342.36496418,  -2.37550896,  28.41048921,  59.37844929,  90.27443518, 120.85068323, 150.93943400, 180.51146530, 209.68960738, 238.70743898, 267.83309911, 297.29270919, 327.21817215,  28.41048921,  59.37844929,  90.27443518, 120.85068323, 150.93943400, 180.51146530, 209.68960738, 238.70743898, 267.83309911, 297.29270919, 327.21817215, 357.62449104,  80.000, 170.500,  360
  -50000,   -48050,  30.63712461,  30.80077074,  30.74798398,  30.49020302,  30.09843411,  29.68228277,  29.35582607,  29.20448812,  29.26432570,  29.51684758,  29.89630553,  30.30540777,  13.34815134,  44.07930346,  74.87590840, 105.52511242, 135.84326098, 165.73472561, 195.22822348, 224.46956710, 253.67217852, 283.04969184, 312.75905080, 342.86837309,  -1.93251077,  28.69273574,  59.48269133,  90.23182885, 120.73421176, 150.84360320, 180.52443586, 209.86788003, 239.06159380, 268.32742841, 297.85635154, 327.76329729,  28.69273574,  59.48269133,  90.23182885, 120.73421176, 150.84360320, 180.52443586, 209.86788003, 239.06159380, 268.32742841, 297.85635154, 327.76329729, 358.06748923,  80.000, 170.500,  360
  -49000,   -47050,  30.49749335,  30.62728852,  30.58850938,  30.38914849,  30.08313928,  29.75541711,  29.49614785,  29.37418981,  29.41932827,  29.61721124,  29.91538186,  30.23674484,  13.70543977,  44.27721695,  74.90234068, 105.41478695, 135.66994104, 165.59052701, 195.19648020, 224.60107185, 253.97260627, 283.48044482, 313.24892371, 343.33168409,  -1.51347778,  28.97469502,  59.59343655,  90.18275099, 120.58141622, 150.67323293, 180.42763015, 209.91409786, 239.27978477, 268.70025198, 298.32694175, 328.25070290,  28.97469502,  59.59343655,  90.18275099, 120.58141622, 150.67323293, 180.42763015, 209.91409786, 239.27978477, 268.70025198, 298.32694175, 328.25070290, 358.48652222,  80.000, 170.500,  360
  -48000,   -46050,  30.38472251,  30.46602972,  30.42261022,  30.26433867,  30.03347849,  29.79353132,  29.61054931,  29.53364997,  29.58179770,  29.74038992,  29.96684177,  30.20206038,  14.04013944,  44.47279749,  74.93001336, 105.29064050, 135.45268792, 165.36588641, 195.05219957, 224.60135628, 254.14093212, 283.79527739, 313.65141576, 343.74143008,  -1.13165189,  29.24597492,  59.70596110,  90.12962522, 120.40117923, 150.44080254, 180.23313495, 209.83636069, 239.36402403, 268.94715181, 298.69474074, 328.66747298,  29.24597492,  59.70596110,  90.12962522, 120.40117923, 150.44080254, 180.23313495, 209.83636069, 239.36402403, 268.94715181, 298.69474074, 328.66747298, 358.86834811,  80.000, 170.500,  360
  -47000,   -45050,  30.30070932,  30.32153379,  30.25645620,  30.12178248,  29.95334055,  29.79715563,  29.69621899,  29.67780940,  29.74595864,  29.88128933,  30.04731631,  30.20042938,  14.34255732,  44.65955263,  74.95788232, 105.15797572, 135.20206957, 165.07374943, 194.80709031, 224.47791900, 254.17897276, 283.99043530, 313.95851772, 344.08745792,  -0.79730101,  29.49815229,  59.81627950,  90.07458456, 120.20170026, 150.15850828, 179.95371842, 209.64456056, 239.31904836, 269.06705911, 298.95364446, 329.00422521,  29.49815229,  59.81627950,  90.07458456, 120.20170026, 150.15850828, 179.95371842, 209.64456056, 239.31904836, 269.06705911, 298.95364446, 329.00422521, 359.20269899,  80.000, 170.500,  360
  -46000,   -44050,  30.24678983,  30.19751263,  30.09540418,  29.96704552,  29.84673271,  29.76739522,  29.75108117,  29.80224940,  29.90648683,  30.03508348,  30.15350528,  30.23071375,  14.60469952,  44.83198474,  74.98503917, 105.02155273, 134.92792761, 164.72670949, 194.47321457, 224.23933259, 254.09016789, 284.06413861, 314.16436158, 344.36169218,  -0.51876126,  29.72418590,  59.92097236,  90.01951289, 119.99047089, 149.83794619, 179.60212876, 209.34931748, 239.15096880, 269.06072688, 299.09963079, 329.25372099,  29.72418590,  59.92097236,  90.01951289, 119.99047089, 149.83794619, 179.60212876, 209.34931748, 239.15096880, 269.06072688, 299.09963079, 329.25372099, 359.48123874,  80.000, 170.500,  360
  -45000,   -43050,  30.22407991,  30.09725906,  29.94432506,  29.80538514,  29.71771068,  29.70572057,  29.77351924,  29.90289231,  30.05822715,  30.19701561,  30.28213797,  30.29172732,  14.81944698,  44.98515281,  75.01065761, 104.88578017, 134.63960197, 164.33708299, 194.06280843, 223.89476674, 253.87880426, 284.01555840, 314.26407483, 344.55705298,  -0.30341221,  29.91777624,  60.01694998,  89.96613789, 119.77450931, 149.49028039, 179.19105055, 208.96165394, 238.86664166, 268.92981953, 299.12965478, 329.40972609,  29.91777624,  60.01694998,  89.96613789, 119.77450931, 149.49028039, 179.19105055, 208.96165394, 238.86664166, 268.92981953, 299.12965478, 329.40972609, 359.69658779,  80.000, 170.500,  360
  -44000,   -42050,  30.23364324,  30.02396441,  29.80795500,  29.64201918,  29.57050660,  29.61395946,  29.76225438,  29.97577728,  30.19588918,  30.36208296,  30.42975160,  30.38219671,  14.97990090,  45.11426711,  75.03393475, 104.75498015, 134.34640243, 163.91744136, 193.58874613, 223.45427416, 253.55002756, 283.84450710, 314.25319386, 344.66673575,  -0.15838995,  30.07281655,  60.10121551,  89.91614424, 119.56074669, 149.12676241, 178.73361747, 208.49338321, 238.47382762, 268.67676487, 299.04118830, 329.46633436,  30.07281655,  60.10121551,  89.91614424, 119.56074669, 149.12676241, 178.73361747, 208.49338321, 238.47382762, 268.67676487, 299.04118830, 329.46633436, 359.84161005,  80.000, 170.500,  360
  -43000,   -41050,  30.27645650,  29.98088162,  29.69118265,  29.48243893,  29.40979443,  29.49448108,  29.71642385,  30.01699323,  30.31381240,  30.52468054,  30.59233017,  30.50052459,  15.07903602,  45.21440849,  75.05404211, 104.63364967, 134.05816890, 163.48140369, 193.06547052, 222.92972947, 253.11062392, 283.55190989, 314.12776236, 344.68400261,  -0.09088999,  30.18305448,  60.17068423,  89.87127621, 119.35644384, 148.75941789, 178.24428731, 207.95806291, 237.98207356, 268.30539568, 298.83250488, 329.41789665,  30.18305448,  60.17068423,  89.87127621, 119.35644384, 148.75941789, 178.24428731, 207.95806291, 237.98207356, 268.30539568, 298.83250488, 329.41789665, 359.90911001,  80.000, 170.500,  360
  -42000,   -40050,  30.35316580,  29.97129163,  29.59919890,  29.33267483,  29.24100805,  29.35052252,  29.63586249,  30.02282691,  30.40589267,  30.67829732,  30.76487209,  30.64438679,  15.10975483,  45.28044225,  75.07009907, 104.52664641, 133.78575627, 163.04445387, 192.51012842, 222.33619319, 252.57042340, 283.14100652, 313.88514638, 344.60256612,  -0.10796823,  30.24205004,  60.22210416,  89.83340233, 119.16951955, 148.40169626, 177.73982385, 207.37226213, 237.40412539, 267.82228178, 298.50370365, 329.25961583,  30.24205004,  60.22210416,  89.83340233, 119.16951955, 148.40169626, 177.73982385, 207.37226213, 237.40412539, 267.82228178, 298.50370365, 329.25961583, 359.89203177,  80.000, 170.500,  360
  -41000,   -39050,  30.46365356,  29.99825540,  29.53745654,  29.19943385,  29.07061794,  29.18657489,  29.52154651,  29.99014633,  30.46574705,  30.81536782,  30.94097840,  30.81022170,  15.06538477,  45.30716969,  75.08117771, 104.43924104, 133.54129516, 162.62453996, 191.94360247, 221.69338120, 251.94405861, 282.61911243, 313.52549516, 344.41756957,  -0.21581232,  30.24347713,  60.25210857,  89.80452155, 119.00868909, 148.06888605, 177.24010438, 206.75682007, 236.75757112, 267.23853036, 298.05835306, 328.98877874,  30.24347713,  60.25210857,  89.80452155, 119.00868909, 148.06888605, 177.24010438, 206.75682007, 236.75757112, 267.23853036, 298.05835306, 328.98877874, 359.78418768,  80.000, 170.500,  360
  -40000,   -38050,  30.60646186,  30.06415919,  29.51141248,  29.09004723,  28.90627658,  29.00872809,  29.37611626,  29.91699058,  30.48716061,  30.92737776,  31.11257221,  30.99269715,  14.94060601,  45.28973127,  75.08634381, 104.37699733, 133.33811306, 162.24224056, 191.39112596, 221.02686631, 251.25271425, 281.99965206, 313.05367072, 344.12708628,  -0.41852345,  30.18177379,  60.25741383,  89.78669833, 118.88333980, 147.77813270, 176.76848661, 206.13774537, 236.06633580, 266.57172223, 297.50552122, 328.60650139,  30.18177379,  60.25741383,  89.78669833, 118.88333980, 147.77813270, 176.76848661, 206.13774537, 236.06633580, 266.57172223, 297.50552122, 328.60650139, 359.58147655,  80.000, 170.500,  360
  -39000,   -37050,  30.77814675,  30.17008708,  29.52605102,  29.01219344,  28.75676177,  28.82487068,  29.20436421,  29.80328405,  30.46480831,  31.00529883,  31.26986794,  31.18426592,  14.73273977,  45.22424506,  75.08473456, 104.34546366, 133.19024747, 161.92034051, 190.88220813, 220.36863432, 250.52544304, 281.30407891, 312.48136469, 343.73397520,  -0.71652019,  30.05310316,  60.23515918,  89.78192275, 118.80310583, 147.54794987, 176.35152115, 205.54642714, 235.36161758, 265.84756830, 296.86185410, 328.11976643,  30.05310316,  60.23515918,  89.78192275, 118.80310583, 147.54794987, 176.35152115, 205.54642714, 235.36161758, 265.84756830, 296.86185410, 328.11976643, 359.28347981,  80.000, 170.500,  360
  -38000,   -36050,  30.97266795,  30.31508296,  29.58521350,  28.97338984,  28.63167569,  28.64465945,  29.01356308,  29.65154619,  30.39518019,  31.04037995,  31.40169959,  31.37494161,  14.44326778,  45.10863330,  75.07566909, 104.34968278, 133.11153525, 161.68273669, 190.44968164, 219.75667071, 249.79961666, 280.56322928, 311.82902524, 343.24784290,  -1.10475052,  29.85654196,  60.18336723,  89.79190118, 118.77714220, 147.39718265, 176.01788128, 205.01890175, 234.68187917, 265.10083111, 296.15327630, 327.54343700,  29.85654196,  60.18336723,  89.79190118, 118.77714220, 147.39718265, 176.01788128, 205.01890175, 234.68187917, 265.10083111, 296.15327630, 327.54343700, 358.89524948,  80.000, 170.500,  360
  -37000,   -35050,  31.18094802,  30.49539475,  29.69078631,  28.98027486,  28.54089158,  28.47920612,  28.81352288,  29.46744089,  30.27757127,  31.02525031,  31.49627993,  31.55243308,  14.07938889,  44.94355746,  75.05878350, 104.39354838, 133.11431587, 161.55268375, 190.12779927, 219.23336442, 249.12014028, 279.81764177, 311.12714474, 342.68677680,  -1.57097554,  29.59536496,  60.10148625,  89.81779107, 118.81313489, 147.34345204, 175.79648619, 204.59403859, 234.07160012, 264.37507921, 295.41584066, 326.90184669,  29.59536496,  60.10148625,  89.81779107, 118.81313489, 147.34345204, 175.79648619, 204.59403859, 234.07160012, 264.37507921, 295.41584066, 326.90184669, 358.42902446,  80.000, 170.500,  360
  -36000,   -34050,  31.39075703,  30.70382767,  29.84182803,  29.03772819,  28.49377216,  28.34047155,  28.61630473,  29.26001467,  30.11494650,  30.95520156,  31.54239155,  31.70275636,  13.65535239,  44.73334572,  75.03417753, 104.47905893, 133.20783609, 161.55047828, 189.94944046, 218.84267415, 248.53719424, 279.11643346, 310.41643241, 342.07844258,  -2.09446311,  29.27824119,  59.99095557,  89.85990292, 118.91611884, 147.40117795, 175.71390547, 204.31065787, 233.57864939, 263.72094384, 294.69526695, 326.22950935,  29.27824119,  59.99095557,  89.85990292, 118.91611884, 147.40117795, 175.71390547, 204.31065787, 233.57864939, 263.72094384, 294.69526695, 326.22950935, 357.90553689,  80.000, 170.500,  360
  -35000,   -33050,  31.58708007,  30.92936582,  30.03374916,  29.14790191,  28.49821165,  28.24039973,  28.43557480,  29.04151460,  29.91447645,  30.82943434,  31.53090788,  31.81138360,  13.19324590,  44.48675681,  75.00255452, 104.60554237, 133.39649130, 161.69076150, 189.94262093, 218.62618996, 248.10247067, 278.51447545, 309.74644703, 341.46010426,  -2.64548502,  28.92010283,  59.85571277,  89.91740184, 119.08721063, 147.57934062, 175.79123761, 204.20375599, 233.25034096, 263.19273426, 294.04481340, 325.57049480,  28.92010283,  59.85571277,  89.91740184, 119.08721063, 147.57934062, 175.79123761, 204.20375599, 233.25034096, 263.19273426, 294.04481340, 325.57049480, 357.35451498,  80.000, 170.500,  360
  -34000,   -32050,  31.75308738,  31.15724143,  30.25769458,  29.30926286,  28.55957466,  28.18985674,  28.28564003,  28.82674845,  29.68757624,  30.65200680,  31.45642710,  31.86488372,  12.72288200,  44.21738551,  74.96533035, 104.76895202, 133.67808928, 161.97969627, 190.12662029, 218.61841367, 247.86412520, 278.06785839, 309.17242290, 340.87716418,  -3.18601815,  28.54240426,  59.70253712,  89.98805338, 119.32240219, 147.87920206, 176.04075076, 204.30016765, 233.12846151, 262.84352935, 293.52133661, 324.97611333,  28.54240426,  59.70253712,  89.98805338, 119.32240219, 147.87920206, 176.04075076, 204.30016765, 233.12846151, 262.84352935, 293.52133661, 324.97611333, 356.81398185,  80.000, 170.500,  360
  -33000,   -31050,  31.87173481,  31.36961976,  30.50031134,  29.51578001,  28.67962499,  28.19746049,  28.18025333,  28.63203204,  29.44936518,  30.43223864,  31.31871034,  31.85286905,  12.28045616,  43.94349348,  74.92468115, 104.96136485, 134.04237866, 162.41234860, 190.50814783, 218.84175388, 247.86092724, 277.82795992, 308.75030282, 340.37997313,  -3.67196549,  28.17248188,  59.54110435,  90.06807023, 119.61160769, 148.29227426, 176.46266022, 204.61412818, 233.24377649, 262.71916469, 293.17971061, 324.50077462,  28.17248188,  59.54110435,  90.06807023, 119.61160769, 148.29227426, 176.46266022, 204.61412818, 233.24377649, 262.71916469, 293.17971061, 324.50077462, 356.32803451,  80.000, 170.500,  360
  -32000,   -30050,  31.92787449,  31.54700142,  30.74409610,  29.75642644,  28.85556120,  28.26839777,  28.13129984,  28.47383779,  29.21757768,  30.18441262,  31.12359069,  31.76992397,  11.90578107,  43.68706905,  74.88349649, 105.17084010, 134.47014394, 162.97067893, 191.07805550, 219.30186470, 248.11632288, 277.83476848, 308.53037127, 340.01894988,  -4.05700144,  27.84179053,  59.38362644,  90.15212587, 119.93820020, 148.79889064, 177.04249759, 205.14330450, 233.61069690, 262.85182387, 293.06615145, 324.19623573,  27.84179053,  59.38362644,  90.15212587, 119.93820020, 148.79889064, 177.04249759, 205.14330450, 233.61069690, 262.85182387, 293.06615145, 324.19623573, 355.94299856,  80.000, 170.500,  360
  -31000,   -29050,  31.91057944,  31.67030847,  30.96848279,  30.01519347,  29.07930648,  28.40333478,  28.14747967,  28.36729578,  29.01106053,  29.92675840,  30.88309110,  31.61710909,  11.63816110,  43.47201005,  74.84520959, 105.38180366, 134.93321085, 163.62261118, 191.80917319, 219.98403946, 248.63327731, 278.11040418, 308.55028771, 339.83845122,  -4.29780332,  27.58296150,  59.24398415,  90.23359882, 120.27929978, 149.36779179, 177.74959189, 205.86593260, 234.22289745, 263.25415755, 293.21134980, 324.10487748,  27.58296150,  59.24398415,  90.23359882, 120.27929978, 149.36779179, 177.74959189, 205.86593260, 234.22289745, 263.25415755, 293.21134980, 324.10487748, 355.70219668,  80.000, 170.500,  360
  -30000,   -28050,  31.81524150,  31.72342968,  31.15172540,  30.27180974,  29.33723310,  28.59754470,  28.23309493,  28.32469956,  28.84805609,  29.67985457,  30.61464899,  31.40266176,  11.51133182,  43.32149833,  74.81349204, 105.57608821, 135.39569183, 164.32266302, 192.65586006, 220.85137992, 249.39080097, 278.65392735, 308.82864080, 339.87026069,  -4.36001462,  27.42590107,  59.13634429,  90.30508869, 120.60704454, 149.95714021, 178.53720318, 206.73971301, 235.05069211, 263.91493522, 293.62454802, 324.25303931,  27.42590107,  59.13634429,  90.30508869, 120.60704454, 149.95714021, 178.53720318, 206.73971301, 235.05069211, 263.91493522, 293.62454802, 324.25303931, 355.63998538,  80.000, 170.500,  360
  -29000,   -27050,  31.64495992,  31.69580312,  31.27345017,  30.50329170,  29.61051863,  28.84040257,  28.38704559,  28.35414367,  28.74447911,  29.46469357,  30.33954658,  31.14166537,  11.54826131,  43.25487275,  74.79183020, 105.73465959, 135.81668445, 165.01453302, 193.55579175, 221.84536995, 250.34295533, 279.43847136, 309.36025533, 340.12787170,  -4.22392024,  27.39347347,  59.07338498,  90.35919496, 120.89095778, 150.51727463, 179.34477298, 207.70303537, 236.04086858, 264.79714098, 294.28971428, 324.64565896,  27.39347347,  59.07338498,  90.35919496, 120.89095778, 150.51727463, 179.34477298, 207.70303537, 236.04086858, 264.79714098, 294.28971428, 324.64565896, 355.77607976,  80.000, 170.500,  360
  -28000,   -26050,  31.41084759,  31.58449452,  31.31752790,  30.68630406,  29.87630280,  29.11542471,  28.60215024,  28.45839159,  28.71235636,  29.30068721,  30.08081511,  30.85469791,  11.75684688,  43.28453897,  74.78303892, 105.83989562, 136.15438307, 165.63579674, 194.43428528, 222.88925429, 251.42086561, 280.41145496, 310.11430314, 340.60278233,  -3.88865862,  27.49757714,  59.06440125,  90.38947605, 121.10129926, 150.99525976, 180.10252694, 208.67888619, 237.11943640, 265.83914003, 295.16471766, 325.26338372,  27.49757714,  59.06440125,  90.38947605, 121.10129926, 150.99525976, 180.10252694, 208.67888619, 237.11943640, 265.83914003, 295.16471766, 325.26338372, 356.11134138,  80.000, 170.500,  360
  -27000,   -25050,  31.13112625,  31.39526395,  31.27472843,  30.80008951,  30.10971137,  29.40103197,  28.86493176,  28.63405812,  28.75854035,  29.20384815,  29.86096185,  30.56570830,  12.12750370,  43.41357706,  74.78880219, 105.87808823, 136.37119762, 166.12445274, 195.21107559, 223.89424541, 252.53784939, 281.49815087, 311.03579940, 341.26371358,  -3.37396804,  27.73649303,  59.11367115,  90.39143013, 121.21299240, 151.34088453, 180.73826322, 209.58141593, 238.19735124, 266.95909240, 296.18391791, 326.06291186,  27.73649303,  59.11367115,  90.39143013, 121.21299240, 151.34088453, 180.73826322, 209.58141593, 238.19735124, 266.95909240, 296.18391791, 326.06291186, 356.62603196,  80.000, 170.500,  360
  -26000,   -24050,  30.82917944,  31.14232320,  31.14456131,  30.82949675,  30.28662664,  29.67216096,  29.15602895,  28.87120147,  28.88376178,  29.18529783,  29.69984187,  30.29951978,  12.63328246,  43.63463387,  74.80934378, 105.84168659, 136.43908689, 166.42655037, 195.80894131, 224.76808882, 253.59726141, 282.60830461, 312.05041243, 342.05906404,  -2.71896388,  28.09417753,  59.21946788,  90.36329192, 121.20944312, 151.51329596, 181.18563746, 210.32463902, 239.17878525, 268.06225020, 297.26395846, 326.98067366,  28.09417753,  59.21946788,  90.36329192, 121.20944312, 151.51329596, 181.18563746, 210.32463902, 239.17878525, 268.06225020, 297.26395846, 326.98067366, 357.28103612,  80.000, 170.500,  360
  -25000,   -23050,  30.53096645,  30.84681054,  30.93584058,  30.76749096,  30.38684709,  29.90271102,  29.45138145,  29.15344559,  29.08207039,  29.25016570,  29.61289403,  30.07937618,  13.23256324,  43.93040562,  74.84331081, 105.73077029, 136.34406468, 166.50367679, 196.16305382, 225.42501242, 254.50216201, 283.64495286, 313.07186475, 342.92220132,  -1.97812315,  28.54172416,  59.37397707,  90.30645348, 121.08543943, 151.48709024, 181.39274950, 210.83222133, 239.97101988, 269.05026510, 298.31195656, 327.93926499,  28.54172416,  59.37397707,  90.30645348, 121.08543943, 151.48709024, 181.39274950, 210.83222133, 239.97101988, 269.05026510, 298.31195656, 327.93926499, 358.02187685,  80.000, 170.500,  360
  -24000,   -22050,  30.26228993,  30.53432352,  30.66581608,  30.61656270,  30.39707230,  30.06860346,  29.72425468,  29.45877024,  29.34073191,  29.39689416,  29.60983511,  29.92484591,  13.87376433,  44.27561685,  74.88790284, 105.55338326, 136.08887210, 166.33887758, 196.22956699, 225.79570788, 255.16556785, 284.51423045, 314.01074881, 343.77860690,  -1.21527340,  29.04068358,  59.56415362,  90.22539850, 120.84844186, 151.25659852, 181.32953917, 211.04692983, 240.49467489, 269.83128733, 299.23488678, 328.85552517,  29.04068358,  59.56415362,  90.22539850, 120.84844186, 151.25659852, 181.32953917, 211.04692983, 240.49467489, 269.83128733, 299.23488678, 328.85552517, 358.78472660,  80.000, 170.500,  360
  -23000,   -21050,  30.04634157,  30.23203401,  30.35807734,  30.38868638,  30.31307699,  30.15099897,  29.94801061,  29.76107820,  29.64068154,  29.61696065,  29.69381194,  29.85024178,  14.50110052,  44.64004092,  74.93921545, 105.32463887, 135.69317760, 165.93977007, 195.99193108, 225.83586655, 255.51993460, 285.13486975, 314.78344982, 344.55362290,  -0.49672906,  29.54751620,  59.77331410,  90.12716416, 120.51794040, 150.83740258, 180.99256333, 210.93822109, 240.69286225, 270.32954544, 299.94885804, 329.64895960,  29.54751620,  59.77331410,  90.12716416, 120.51794040, 150.83740258, 180.99256333, 210.93822109, 240.69286225, 270.32954544, 299.94885804, 329.64895960, 359.50327094,  80.000, 170.500,  360
  -22000,   -20050,  29.90178106,  29.96590918,  30.03971664,  30.10384451,  30.14056725,  30.13906280,  30.09931225,  30.03254918,  29.95764866,  29.89506208,  29.86097413,  29.86357224,  15.06035160,  44.99192009,  74.99271679, 105.06481904, 135.19126240, 165.33817824, 195.46376204, 225.53197021, 255.52466636, 285.44628018, 315.32005718, 345.17964862,   0.11529851,  30.01830035,  59.98310489,  90.02046233, 120.12303991, 150.26473785, 180.40619249, 210.50669136, 240.53800037, 270.49325862, 300.38718020, 330.24936587,  30.01830035,  59.98310489,  90.02046233, 120.12303991, 150.26473785, 180.40619249, 210.50669136, 240.53800037, 270.49325862, 300.38718020, 330.24936587, 360.11529851,  80.000, 170.500,  360
  -21000,   -19050,  29.84141775,  29.75841180,  29.73833409,  29.78748776,  29.89452355,  30.03167853,  30.16124585,  30.24661508,  30.26402869,  30.20984889,  30.10045007,  29.96595794,  15.50382879,  45.30117723,  75.04375667, 104.79691176, 134.62775270, 164.58640045, 194.68775380, 224.90347535, 255.17077946, 285.41444300, 315.57053762, 345.60200126,   0.56820199,  30.41294650,  60.17546125,  89.91465697, 119.69885272, 149.58917561, 179.62001383, 209.78465283, 240.03539042, 270.30006303, 300.50648883, 330.60291410,  30.41294650,  60.17546125,  89.91465697, 119.69885272, 149.58917561, 179.62001383, 209.78465283, 240.03539042, 270.30006303, 300.50648883, 330.60291410, 360.56820199,  80.000, 170.500,  360
  -20000,   -18050,  29.87143149,  29.62684181,  29.47937496,  29.46750623,  29.59721625,  29.83772243,  30.12575077,  30.38118129,  30.53146415,  30.53530948,  30.39476238,  30.15143876,  15.79411253,  45.54201081,  75.08802174, 104.54408671, 134.05234486, 163.75094802, 193.73089983, 224.00111989, 254.48225984, 285.03522817, 315.50886187, 345.78310709,   0.82300950,  30.69847193,  60.33426601,  89.81878975, 119.28247204, 148.87055497, 178.70302210, 208.83279963, 239.22314373, 269.75950880, 300.29058730, 330.67637561,  30.69847193,  60.33426601,  89.81878975, 119.28247204, 148.87055497, 178.70302210, 208.83279963, 239.22314373, 269.75950880, 300.29058730, 330.67637561, 360.82300950,  80.000, 170.500,  360
  -19000,   -17050,  29.99101819,  29.58229742,  29.28408202,  29.17128800,  29.27537990,  29.57486115,  29.99483314,  30.42155202,  30.73391727,  30.84285749,  30.72076947,  30.40714391,  15.90650649,  45.69471922,  75.12188636, 104.32750693, 133.51452380, 162.90502233, 192.67696578, 222.90168969, 253.51405730, 284.33502634, 315.13507768, 345.70505290,   0.85694601,  30.85122074,  60.44656633,  89.74078615, 118.90923405, 148.17136980, 177.73576988, 207.73360311, 238.16855470, 268.91251077, 299.75194643, 330.45952684,  30.85122074,  60.44656633,  89.74078615, 118.90923405, 148.17136980, 177.73576988, 207.73360311, 238.16855470, 268.91251077, 299.75194643, 330.45952684, 360.85694601,  80.000, 170.500,  360
  -18000,   -16050,  30.19237044,  29.62913171,  29.16812445,  28.92327667,  28.95714849,  29.26719189,  29.78030479,  30.36248162,  30.85082100,  31.10405004,  31.05123083,  30.71386807,  15.83039060,  45.74680878,  75.14264698, 104.16468722, 133.05903897, 162.12102805, 191.61754525, 221.70008826, 252.34701307, 283.36876306, 314.47544563, 345.37070512,   0.66473736,  30.85815378,  60.50334713,  89.68689468, 118.60972770, 147.55067779, 176.80187138, 206.58256636, 236.96146399, 267.82788894, 298.93093293, 329.96589896,  30.85815378,  60.50334713,  89.68689468, 118.60972770, 147.55067779, 176.80187138, 206.58256636, 236.96146399, 267.82788894, 298.93093293, 329.96589896, 360.66473736,  80.000, 170.500,  360
  -17000,   -15050,  30.46097514,  29.76476758,  29.14080863,  28.74320748,  28.66927276,  28.94227306,  29.50214408,  30.20891628,  30.86976455,  31.29368396,  31.35703483,  31.04715163,  15.56972193,  45.69354726,  75.14865642, 104.06842498, 132.72252337, 161.46411075, 190.64306117, 220.49986547, 251.08031398, 282.21546899, 313.58073428, 344.80359370,   0.25889583,  30.71742965,  60.49994638,  89.66134481, 118.40771017, 147.05921284, 175.98009669, 205.47866959, 235.70549813, 266.59634048, 297.89286394, 329.23201378,  30.71742965,  60.49994638,  89.66134481, 118.40771017, 147.05921284, 175.98009669, 205.47866959, 235.70549813, 266.59634048, 297.89286394, 329.23201378, 360.25889583,  80.000, 170.500,  360
  -16000,   -14050,  30.77629129,  29.97978941,  29.20471338,  28.64499914,  28.43493535,  28.62812604,  29.18588627,  29.97528282,  30.78817992,  31.39283575,  31.60999378,  31.37896684,  15.14285450,  45.53812809,  75.13938541, 104.04620530, 132.53128360, 160.98723372, 189.83479511, 219.40343392, 249.82229757, 280.97169088, 312.52270138, 344.04662564,  -0.33088876,  30.43846432,  60.43621970,  89.66617281, 118.31884803, 146.73593384, 175.33787765, 204.51523765, 234.50826320, 265.32238140, 296.72299774, 328.31512755,  30.43846432,  60.43621970,  89.66617281, 118.31884803, 146.73593384, 175.33787765, 204.51523765, 234.50826320, 265.32238140, 296.72299774, 328.31512755, 359.66911124,  80.000, 170.500,  360
  -15000,   -13050,  31.11292340,  30.25831711,  29.35561484,  28.63616013,  28.27225158,  28.35065287,  28.85960797,  29.68352036,  30.61367504,  31.39130906,  31.78592717,  31.68004046,  14.58169557,  45.29153906,  75.11543634, 104.09994046, 132.50005933, 160.72786109, 189.25857877, 218.50304381, 248.68057244, 279.74319059, 311.38877316, 343.15954061,  -1.05929720,  30.04153989,  60.31653247,  89.70115992, 118.35008390, 146.60589363, 174.92655812, 203.77213310, 233.47158485, 264.11498460, 295.51965346, 327.28940447,  30.04153989,  60.31653247,  89.70115992, 118.35008390, 146.60589363, 174.92655812, 203.77213310, 233.47158485, 264.11498460, 295.51965346, 327.28940447, 358.94070280,  80.000, 170.500,  360
  -14000,   -12050,  31.44239848,  30.57875209,  29.58264294,  28.71754493,  28.19337330,  28.13169554,  28.55104106,  29.36031238,  30.36296103,  31.28899813,  31.86758321,  31.92269693,  13.93006265,  44.97212400,  75.07852066, 104.22593015, 132.63148188, 160.70602430, 188.96033599, 217.87327172, 247.75243383, 278.63558187, 310.27504228, 342.21494525,  -1.86804584,  29.55689181,  60.14959903,  89.76384721, 118.49942752, 146.67914042, 174.77832805, 203.30975695, 232.68273246, 263.07778709, 294.38583606, 326.24045381,  29.55689181,  60.14959903,  89.76384721, 118.49942752, 146.67914042, 174.77832805, 203.30975695, 232.68273246, 263.07778709, 294.38583606, 326.24045381, 358.13195416,  80.000, 170.500,  360
  -13000,   -11050,  31.73556713,  30.91502842,  29.86870639,  28.88334464,  28.20403413,  27.98775468,  28.28518466,  29.03407521,  30.05963812,  31.09587915,  31.84686956,  32.08391790,  13.24102496,  44.60472911,  75.03139532, 104.41499772, 132.91602523, 160.92345997, 188.96335340, 217.56541919, 247.11643902, 277.74474087, 309.27794320, 341.29283426,  -2.68986499,  29.02309866,  59.94812525,  89.84962256, 118.75605292, 146.95036946, 174.90457643, 203.16496792, 232.20729807, 262.29979076, 293.41999343, 325.25833177,  29.02309866,  59.94812525,  89.84962256, 118.75605292, 146.95036946, 174.90457643, 203.16496792, 232.20729807, 262.29979076, 293.41999343, 325.25833177, 357.31013501,  80.000, 170.500,  360
  -12000,   -10050,  31.96548863,  31.23847875,  30.19130194,  29.12128587,  28.30338213,  27.92924987,  28.08256797,  28.73218816,  29.73132363,  30.83064623,  31.72593571,  32.14815112,  12.57305928,  44.21927543,  74.97773922, 104.65283906, 133.33238589, 161.36358897, 189.26704221, 217.60392570, 246.82579786, 277.14792521, 308.48527159, 340.47374167,  -3.45384772,  28.48457828,  59.72816559,  89.95190764, 119.10070585, 147.39917455, 175.29539349, 203.34880789, 232.08411051, 261.84741605, 292.70676833, 324.42941164,  28.48457828,  59.72816559,  89.95190764, 119.10070585, 147.39917455, 175.29539349, 203.34880789, 232.08411051, 261.84741605, 292.70676833, 324.42941164, 356.54615228,  80.000, 170.500,  360
  -11000,    -9050,  32.11046597,  31.52031868,  30.52385402,  29.41310671,  28.48401290,  27.96015798,  27.95813410,  28.47876905,  29.40666068,  30.51830538,  31.51687234,  32.10934218,  11.98504637,  43.84862747,  74.92194377, 104.92068668, 133.84838730, 161.99228739, 189.84701300, 217.98474802, 246.90399908, 276.89650804, 307.96748776, 339.83101969,  -4.09193465,  27.98809401,  59.50809848,  90.06249330, 119.50654145, 147.99093367, 175.92009107, 203.84587554, 232.32233881, 261.75860277, 292.30874211, 323.82787799,  27.98809401,  59.50809848,  90.06249330, 119.50654145, 147.99093367, 175.92009107, 203.84587554, 232.32233881, 261.75860277, 292.30874211, 323.82787799, 355.90806535,  80.000, 170.500,  360
  -10000,    -8050,  32.15674263,  31.73457711,  30.83768793,  29.73544782,  28.73221070,  28.07789569,  27.92061010,  28.29309427,  29.11264816,  30.18722523,  31.24010048,  31.97175989,  11.53045058,  43.52575114,  74.86879729, 105.19641665, 134.42262278, 162.75959283, 190.65644541, 218.67564411, 247.34289615, 277.01108153, 307.77038225, 339.42310819,  -4.54592568,  27.57839671,  59.30717073,  90.17207306, 119.94058054, 148.67852676, 176.72880511, 204.61527707, 232.90081992, 262.03943983, 292.26014382, 323.50788103,  27.57839671,  59.30717073,  90.17207306, 119.94058054, 148.67852676, 176.72880511, 204.61527707, 232.90081992, 262.03943983, 292.26014382, 323.50788103, 355.45407432,  80.000, 170.500,  360
   -9000,    -7050,  32.10033514,  31.86110256,  31.10461289,  30.06130983,  29.02849581,  28.27339096,  27.97220766,  28.18860227,  28.87254477,  29.86616598,  30.92180372,  31.74942839,  11.25137512,  43.28035687,  74.82306258, 105.45618918, 135.00707535, 163.60261047, 191.62889463, 219.61836559, 248.10334158, 277.47944461, 307.91011609, 339.28689864,  -4.77407662,  27.29342516,  59.14366281,  90.27099689, 120.36595617, 149.40515768, 177.65539700, 205.59321469, 233.76961480, 262.66358930, 292.56331119, 323.49748164,  27.29342516,  59.14366281,  90.27099689, 120.36595617, 149.40515768, 177.65539700, 205.59321469, 233.76961480, 262.66358930, 292.56331119, 323.49748164, 355.22592338,  80.000, 170.500,  360
   -8000,    -6050,  31.94760032,  31.88813273,  31.29990081,  30.36216325,  29.34863228,  28.53138382,  28.10854582,  28.17233982,  28.70440648,  29.58168975,  30.59091429,  31.46429064,  11.17343533,  43.13545223,  74.78897913, 105.67660565, 135.55084609, 164.44986327, 192.68273953, 220.73281371, 249.11835774, 278.25770262, 308.37137559, 339.43329592,  -4.75618855,  27.15976215,  59.03286295,  90.35021292, 120.74499904, 150.10848385, 178.62189900, 206.69734790, 234.85378824, 263.57456688, 293.18837272, 323.79535971,  27.15976215,  59.03286295,  90.35021292, 120.74499904, 150.10848385, 178.62189900, 206.69734790, 234.85378824, 263.57456688, 293.18837272, 323.79535971, 355.24381145,  80.000, 170.500,  360
   -7000,    -5050,  31.71440038,  31.81390414,  31.40524814,  30.61064813,  29.66524330,  28.83107960,  28.31877187,  28.24470954,  28.62017680,  29.35616486,  30.27615951,  31.14349373,  11.30241616,  43.10439369,  74.76975648, 105.83720223, 136.00487919, 165.22713548, 193.72737801, 221.92316736, 250.29871267, 279.27439755, 309.10894969, 339.84579589,  -4.49622798,  27.18917558,  58.98516318,  90.40229356, 121.04298843, 150.72602579, 179.54460070, 207.83300034, 236.05934314, 264.69073339, 294.07622473, 324.37086355,  27.18917558,  58.98516318,  90.40229356, 121.04298843, 150.72602579, 179.54460070, 207.83300034, 236.05934314, 264.69073339, 294.07622473, 324.37086355, 355.50377202,  80.000, 170.500,  360
   -6000,    -4050,  31.42404373,  31.64693568,  31.41118374,  30.78359748,  29.95009143,  29.14731868,  28.58595180,  28.39943629,  28.62518954,  29.20639333,  30.00353976,  30.81631853,  11.62341986,  43.18904062,  74.76714996, 105.92293019, 136.32723926, 165.86450516, 194.67100111, 223.08580525, 251.54058949, 280.43727407, 310.05253498, 340.48237936,  -4.02193003,  27.37697113,  59.00464752,  90.42238056, 121.23212799, 151.20146853, 180.34155329, 208.90105978, 237.28107254, 265.91262228, 295.14446335, 325.16743238,  27.37697113,  59.00464752,  90.42238056, 121.23212799, 151.20146853, 180.34155329, 208.90105978, 237.28107254, 265.91262228, 295.14446335, 325.16743238, 355.97806997,  80.000, 170.500,  360
   -5000,    -3050,  31.10443022,  31.40490645,  31.31840943,  30.86492387,  30.17690930,  29.45239530,  28.88787441,  28.62376073,  28.71795992,  29.14276801,  29.79441672,  30.51124564,  12.10271796,  43.37943651,  74.78120965, 105.92616586, 136.48817856, 166.30383683, 195.42938364, 224.11854573, 252.73480186, 281.64199749, 311.11410598, 341.28041524,  -3.38142415,  27.70254298,  59.08848866,  90.40885882, 121.29509017, 151.49107633, 180.94084508, 209.80707072, 238.41183513, 267.13198367, 296.29556276, 326.10886512,  27.70254298,  59.08848866,  90.40885882, 121.29509017, 151.49107633, 180.94084508, 209.80707072, 238.41183513, 267.13198367, 296.29556276, 326.10886512, 356.61857585,  80.000, 170.500,  360
   -4000,    -2050,  30.78493354,  31.11236509,  31.13775358,  30.84781133,  30.32445153,  29.71854012,  29.19843444,  28.89895975,  28.89021023,  29.16882468,  29.66421668,  30.25349903,  12.69195594,  43.65511302,  74.81026332, 105.84781295, 136.47406468, 166.50565206, 195.93473041, 224.93039705, 253.77677056, 282.78192339, 312.19685593, 342.16374238,  -2.63750078,  28.13203175,  59.22730560,  90.36360369, 121.22741489, 151.56916859, 181.28860766, 210.47064497, 239.35247894, 268.24171321, 297.42633453, 327.10747863,  28.13203175,  59.22730560,  90.36360369, 121.22741489, 151.56916859, 181.28860766, 210.47064497, 239.35247894, 268.24171321, 297.42633453, 327.10747863, 357.36249922,  80.000, 170.500,  360
   -3000,    -1050,  30.49349695,  30.79773886,  30.88872779,  30.73572108,  30.37925719,  29.92088517,  29.48970012,  29.20135385,  29.12716982,  29.28108592,  29.62164814,  30.06321512,  13.33390818,  43.98774685,  74.85114110, 105.69722684, 136.28933035, 166.45416710, 196.14335194, 225.45075590, 254.57631100, 283.75792741, 313.20458755, 343.05080600,  -1.86052588,  28.62255185,  59.40641385,  90.29173582, 121.03821089, 151.43158704, 181.35549542, 210.83404007, 240.02142368, 269.14571413, 298.43761214, 328.07300121,  28.62255185,  59.40641385,  90.29173582, 121.03821089, 151.43158704, 181.35549542, 210.83404007, 240.02142368, 269.14571413, 298.43761214, 328.07300121, 358.13947412,  80.000, 170.500,  360
   -2000,      -50,  30.25425296,  30.49018323,  30.59699102,  30.54195505,  30.33755168,  30.04050970,  29.73461972,  29.50395668,  29.40827521,  29.46917320,  29.66830940,  29.95422215,  13.96878437,  44.34463046,  74.89959391, 105.49095657, 135.95597159, 166.15947968, 196.04092727, 225.63689963, 255.06624288, 284.48735974, 314.05052592, 343.86271986,  -1.12110978,  29.12718681,  59.60770326,  90.20093298, 120.74896429, 151.09638484, 181.14046018, 210.86868123, 240.36283539, 269.76775028, 299.24319260, 328.92110981,  29.12718681,  59.60770326,  90.20093298, 120.74896429, 151.09638484, 181.14046018, 210.86868123, 240.36283539, 269.76775028, 299.24319260, 328.92110981, 358.87889022,  80.000, 170.500,  360
   -1000,      950,  30.08578505,  30.21672837,  30.29122985,  30.28785255,  30.20583694,  30.06700635,  29.91010349,  29.77882729,  29.70843668,  29.71625851,  29.79860799,  29.93332692,  14.54017411,  44.69233017,  74.95081936, 105.25056985, 135.51065355, 165.65638847, 195.64438960, 225.47872678, 255.20892438, 284.91136175, 314.66478129, 344.53036526,  -0.48345929,  29.59993712,  59.81177697,  90.10044459, 120.39068893, 150.60152385, 180.67103869, 210.57857855, 240.35240933, 270.05847393, 299.77728766, 329.58078426,  29.59993712,  59.81177697,  90.10044459, 120.39068893, 150.60152385, 180.67103869, 210.57857855, 240.35240933, 270.05847393, 299.77728766, 329.58078426, 359.51654071,  80.000, 170.500,  360
       0,     1950,  30.00000000,  30.00000000,  30.00000000,  30.00000000,  30.00000000,  30.00000000,  30.00000000,  30.00000000,  30.00000000,  30.00000000,  30.00000000,  30.00000000,  15.00000000,  45.00000000,  75.00000000, 105.00000000, 135.00000000, 165.00000000, 195.00000000, 225.00000000, 255.00000000, 285.00000000, 315.00000000, 345.00000000,   0.00000000,  30.00000000,  60.00000000,  90.00000000, 120.00000000, 150.00000000, 180.00000000, 210.00000000, 240.00000000, 270.00000000, 300.00000000, 330.00000000,  30.00000000,  60.00000000,  90.00000000, 120.00000000, 150.00000000, 180.00000000, 210.00000000, 240.00000000, 270.00000000, 300.00000000, 330.00000000, 360.00000000,  80.000, 170.500,  360
